1135	0	66	0	0
440	1	1540	0	0
91	0	136	0	0
1107	2	1547	0	0
77	0	863	0	0
1967	0	1554	0	0
1224	0	291	0	0
1351	1	1514	0	0
517	2	1510	0	0
1035	1	1957	0	0
610	0	795	0	0
1093	2	1503	0	0
1401	1	1871	0	0
53	2	1642	0	0
480	0	1178	0	0
1052	1	1594	0	0
2060	0	799	0	0
1344	1	1573	0	0
1467	2	1739	0	0
912	1	1845	0	0
1492	2	1507	0	0
190	1	1692	0	0
1666	2	1594	1	3
1207	0	242	0	0
1316	1	1603	0	0
88	1	1614	0	0
40	0	1762	0	0
114	2	374	0	0
735	0	649	0	0
862	2	1503	0	0
740	0	1355	1	4
227	2	1355	0	0
50	1	1513	0	0
509	1	1819	0	0
28	1	1516	0	0
539	2	1509	0	0
1269	2	1506	0	0
212	1	1715	0	0
524	2	1505	0	0
447	0	1415	0	0
1202	0	719	0	0
541	1	1872	0	0
1089	1	1962	0	0
716	0	1629	0	0
617	1	1752	0	0
1321	1	1545	0	0
1388	0	796	0	0
1979	0	1132	0	0
21	0	1355	1	4
1449	0	588	0	0
1915	0	391	0	0
1099	2	1503	0	0
191	1	586	0	0
662	0	408	0	0
1005	2	1355	0	0
1258	0	1355	1	4
168	0	544	0	0
1180	1	1994	0	0
587	1	1547	0	0
1116	1	1584	0	0
1366	2	1453	1	3
489	2	1503	0	0
26	1	1515	0	0
1356	2	1507	1	3
663	0	1355	1	4
1353	1	1537	0	0
1482	0	1703	0	0
1026	2	315	0	0
730	2	1505	0	0
541	1	1533	0	0
124	0	1660	0	0
1320	0	1446	0	0
427	1	1763	0	0
96	1	1631	0	0
1373	1	1521	0	0
350	2	374	0	0
368	0	2000	0	0
563	1	1538	0	0
301	1	1734	0	0
1498	0	859	0	0
970	1	1583	0	0
967	1	1936	0	0
939	1	1535	0	0
1343	1	1728	0	0
1554	0	409	0	0
901	1	1637	0	0
449	1	1743	0	0
217	2	1519	0	0
47	1	1561	0	0
958	2	605	0	0
1937	0	595	0	0
379	2	1740	0	0
966	2	1547	0	0
226	0	941	0	0
812	2	1505	0	0
1614	0	1269	0	0
2036	0	1232	0	0
1065	1	1686	0	0
1492	2	315	1	3
1067	1	1545	0	0
807	0	1355	1	4
1326	1	1514	0	0
631	1	1889	0	0
611	1	1513	0	0
826	0	1355	1	4
1900	0	1096	0	0
868	2	605	0	0
1506	2	88	1	3
1059	1	1529	0	0
55	1	1573	0	0
935	1	1913	0	0
1268	0	1355	1	4
247	1	1635	0	0
1294	0	911	0	0
563	2	1838	1	3
1303	2	1547	0	0
1176	1	1548	0	0
1075	1	1535	0	0
1425	2	1583	1	3
600	1	1514	0	0
537	0	1325	0	0
584	1	1821	0	0
394	1	1594	0	0
56	0	1271	0	0
120	0	1795	0	0
60	1	1584	0	0
2042	0	585	0	0
1410	0	703	0	0
212	1	1717	0	0
617	1	1556	0	0
534	0	1260	0	0
1089	1	1969	0	0
211	1	1704	0	0
50	1	1565	0	0
1098	2	443	0	0
1377	0	982	0	0
262	0	1835	0	0
303	1	1653	0	0
288	1	1727	0	0
212	1	1567	0	0
259	0	464	0	0
1801	0	863	0	0
327	0	1355	1	4
1186	0	285	0	0
1150	2	1547	0	0
552	2	1503	0	0
1496	2	1509	0	0
1672	0	712	0	0
1063	1	1859	0	0
1316	1	1628	0	0
260	1	1559	0	0
250	1	1655	0	0
1427	1	1732	0	0
789	2	1355	0	0
60	1	1558	0	0
499	2	1795	0	0
835	0	16	0	0
1578	0	1492	0	0
1167	1	1989	0	0
163	0	1219	0	0
1444	1	1758	0	0
1784	0	597	0	0
1403	0	1355	1	4
446	1	1507	0	0
471	0	846	0	0
88	1	1507	0	0
1134	2	1639	0	0
330	2	1503	0	0
1542	0	684	0	0
1114	0	1459	0	0
1259	2	39	0	0
54	1	1558	0	0
1190	1	1852	0	0
355	2	1736	0	0
427	1	1538	0	0
633	1	1891	0	0
1202	0	1007	0	0
29	1	1519	0	0
382	2	1547	0	0
1254	1	1812	0	0
506	0	1355	1	4
1598	0	192	0	0
318	2	1737	0	0
211	1	1702	0	0
463	1	887	0	0
531	1	1858	0	0
2	1	1605	0	0
815	0	1629	0	0
994	0	1099	0	0
1907	0	1667	0	0
564	1	1800	0	0
561	1	1518	0	0
1272	2	2012	0	0
974	1	1939	0	0
73	2	1035	1	3
1114	0	379	0	0
281	0	119	0	0
496	0	1838	0	0
80	1	1507	0	0
1983	0	232	0	0
943	1	1548	0	0
1391	2	605	0	0
306	0	1355	1	4
1854	0	364	0	0
427	1	605	0	0
1474	2	1503	0	0
26	0	1355	1	4
399	1	1788	0	0
1445	1	2057	0	0
608	1	1702	0	0
1425	1	1533	0	0
93	1	1630	0	0
1247	0	1024	0	0
7	1	1613	0	0
975	1	1549	0	0
1757	0	1210	0	0
516	0	106	0	0
1422	0	585	0	0
282	1	1724	0	0
1056	0	866	0	0
1138	2	1981	0	0
664	2	1509	1	3
1010	2	315	0	0
1164	0	981	0	0
1020	2	1645	0	0
1255	1	1521	0	0
143	1	1666	0	0
173	0	972	0	0
1226	1	1576	0	0
1140	2	315	0	0
453	0	1327	0	0
254	0	2036	0	0
1008	1	1537	0	0
1636	0	2062	0	0
1429	1	2048	0	0
792	0	1662	0	0
1673	0	123	0	0
407	2	1503	0	0
914	0	1790	0	0
339	2	1738	0	0
1569	0	1124	0	0
1024	0	60	0	0
40	1	1547	0	0
1180	1	1707	0	0
1287	2	1503	0	0
150	2	138	1	3
145	0	1355	1	4
1173	0	798	0	0
916	1	1578	0	0
900	0	1355	1	2
8	1	1619	0	0
272	0	978	0	0
1107	2	1504	0	0
25	2	1547	0	0
1289	0	1355	1	4
400	1	1544	0	0
2043	0	1716	0	0
741	0	1053	0	0
1199	1	1808	0	0
1227	1	1517	0	0
1229	2	605	0	0
1035	2	1503	0	0
1366	1	346	0	0
1035	1	1747	0	0
1263	0	565	0	0
1083	0	813	0	0
1706	0	848	0	0
976	0	746	0	0
449	2	742	1	3
207	2	1506	0	0
251	0	334	0	0
618	1	1532	0	0
1355	0	1559	1	2
1256	0	1355	1	2
638	0	1251	0	0
561	0	1891	0	0
463	1	1742	0	0
19	0	1351	0	0
1546	0	1865	0	0
2014	0	1166	0	0
1366	1	1523	0	0
293	0	237	0	0
23	0	1355	1	4
1341	1	1816	0	0
461	2	605	0	0
2062	0	1872	0	0
1175	0	2024	0	0
143	1	1665	0	0
1276	0	1355	1	4
1081	0	1196	0	0
1149	2	1502	0	0
686	0	1596	0	0
73	1	315	0	0
1026	2	449	1	3
664	2	1894	0	0
1369	0	1948	0	0
1249	0	251	0	0
219	2	1547	0	0
974	1	1666	0	0
434	1	1773	0	0
668	0	1336	0	0
594	1	1827	0	0
286	0	539	0	0
156	2	1647	0	0
1870	0	1279	0	0
1065	0	1167	0	0
658	2	315	0	0
1119	2	1610	0	0
934	1	1544	0	0
346	0	880	0	0
152	2	605	0	0
468	0	1679	0	0
2007	0	162	0	0
805	0	1219	0	0
998	0	786	0	0
437	0	962	0	0
1028	2	39	0	0
1273	1	1603	0	0
883	0	314	0	0
1515	0	828	0	0
258	1	1581	0	0
275	1	1691	0	0
530	1	1855	0	0
1050	1	1789	0	0
354	2	1072	0	0
1394	2	39	0	0
1446	1	1965	0	0
529	1	1705	0	0
941	1	1667	0	0
710	2	605	0	0
144	2	315	0	0
889	0	257	0	0
560	1	1653	0	0
81	0	1740	0	0
1366	1	2044	0	0
1366	1	1560	0	0
869	2	1506	0	0
1510	2	44	1	3
454	0	1340	0	0
129	2	1355	0	0
531	1	1656	0	0
447	1	1645	0	0
221	2	1638	0	0
1089	1	1966	0	0
43	1	1515	0	0
1323	1	38	0	0
69	0	2002	0	0
328	1	1750	0	0
1130	2	1508	0	0
1682	0	2054	0	0
1956	0	162	0	0
1638	2	964	1	3
796	0	1796	0	0
943	0	2005	0	0
1578	2	1620	1	3
884	1	1818	0	0
799	0	1355	1	4
954	0	914	0	0
919	1	1517	0	0
1777	0	113	0	0
343	0	1355	1	4
439	1	1623	0	0
651	2	1504	0	0
52	2	374	0	0
253	1	1594	0	0
1461	1	2061	0	0
212	1	1434	0	0
412	0	1218	0	0
1047	2	1651	0	0
216	0	1001	0	0
1499	0	257	0	0
515	2	315	0	0
309	1	1746	0	0
1466	0	1614	0	0
306	0	240	0	0
34	1	1535	0	0
270	1	1684	0	0
427	1	1762	0	0
1892	0	793	0	0
849	0	1355	1	4
479	2	605	0	0
609	1	1752	0	0
541	1	1874	0	0
680	0	582	0	0
541	1	1507	0	0
606	0	773	0	0
401	2	1504	0	0
219	2	1504	0	0
1148	1	1730	0	0
772	1	1658	0	0
1578	0	152	0	0
1726	0	1805	0	0
1344	1	1517	0	0
636	0	391	0	0
868	2	1507	0	0
366	0	1355	1	4
541	1	1869	0	0
1427	1	1746	0	0
213	2	1512	0	0
403	2	605	0	0
390	2	605	0	0
1089	1	1955	0	0
531	1	1860	0	0
590	1	1521	0	0
1768	0	938	0	0
1133	2	39	0	0
549	1	1883	0	0
118	0	1822	0	0
1813	0	92	0	0
1113	2	1503	0	0
1283	0	964	0	0
2049	0	1601	0	0
376	2	1547	0	0
414	0	1950	0	0
1380	2	1651	0	0
1593	0	527	0	0
449	1	1611	0	0
449	1	1616	0	0
1378	0	1224	0	0
514	2	1504	0	0
1226	2	605	0	0
987	0	1906	0	0
961	1	1666	0	0
999	2	605	0	0
150	0	1997	0	0
1480	2	1355	0	0
424	0	1152	0	0
1413	0	413	0	0
541	1	967	0	0
509	1	1816	0	0
975	1	1620	0	0
161	0	1609	0	0
287	0	45	0	0
119	2	1639	0	0
49	0	618	0	0
1696	0	2005	0	0
1440	0	1930	0	0
229	0	2039	0	0
408	0	1952	0	0
1438	0	1784	0	0
772	0	362	0	0
617	1	1880	0	0
1028	0	1357	0	0
1047	1	1979	0	0
611	1	1876	0	0
15	0	1683	0	0
514	2	605	0	0
611	1	1584	0	0
967	1	1536	0	0
1255	1	2028	0	0
1330	1	2022	0	0
241	0	1180	0	0
501	2	1505	0	0
566	0	721	0	0
1049	2	1927	0	0
785	0	1355	1	4
38	2	1504	0	0
743	2	1505	0	0
1288	2	1638	0	0
602	1	1862	0	0
1256	1	985	0	0
1550	0	125	0	0
256	1	1669	0	0
1498	2	1503	0	0
1831	0	624	0	0
1517	2	900	1	3
96	1	1632	0	0
1037	1	1535	0	0
638	1	1728	0	0
541	1	1544	0	0
1	0	1499	0	0
500	1	1686	0	0
1838	0	1299	0	0
1020	1	1612	0	0
225	1	1732	0	0
1309	2	1547	0	0
483	0	1355	1	4
1412	2	1510	0	0
543	2	1507	0	0
171	0	808	0	0
211	1	1653	0	0
442	1	1787	0	0
1254	1	1658	0	0
245	2	1510	0	0
441	1	1785	0	0
669	2	1746	1	3
929	1	1517	0	0
333	1	1538	0	0
1051	0	43	0	0
729	0	1526	0	0
453	2	1547	0	0
1467	2	1560	1	3
126	2	1644	0	0
38	1	1542	0	0
151	2	541	1	3
217	2	1547	0	0
1198	1	1645	0	0
787	2	1505	0	0
215	0	1355	1	4
1063	0	1508	0	0
1459	0	935	0	0
85	1	1599	0	0
756	0	1355	1	4
1312	0	908	0	0
427	1	1769	0	0
370	1	1780	0	0
1031	0	515	0	0
1098	2	1512	0	0
241	0	840	0	0
458	0	1601	0	0
162	0	151	0	0
115	0	29	0	0
600	1	586	0	0
1540	0	1750	0	0
772	2	1505	0	0
958	1	1581	0	0
608	1	1732	0	0
533	2	605	0	0
467	0	1315	0	0
56	1	1545	0	0
1219	1	1929	0	0
1006	0	1355	1	4
763	0	1398	0	0
1267	2	39	0	0
281	1	1507	0	0
934	1	1527	0	0
1043	0	2036	0	0
1352	1	1747	0	0
919	0	556	0	0
400	0	682	0	0
1918	0	616	0	0
60	0	512	0	0
833	2	1505	0	0
846	0	339	0	0
427	1	1757	0	0
1041	0	1138	0	0
55	1	202	0	0
1413	2	1640	0	0
659	1	1521	0	0
1047	1	605	0	0
1814	2	549	1	3
707	0	675	0	0
102	2	1504	0	0
1097	2	1506	0	0
674	0	1355	1	4
736	1	1558	0	0
111	0	1355	1	4
452	2	1505	0	0
582	1	1734	0	0
541	1	887	0	0
1432	1	1244	0	0
945	0	2037	0	0
32	1	1527	0	0
819	0	1355	1	4
65	1	1588	0	0
1035	1	1909	0	0
191	1	1656	0	0
1422	2	39	0	0
1437	1	1596	0	0
1447	1	1538	0	0
13	2	1509	0	0
1358	1	1656	0	0
715	0	1355	1	4
211	1	1703	0	0
1427	1	1559	0	0
78	1	1521	0	0
1257	2	1505	0	0
813	0	1355	1	4
131	0	1355	1	4
269	1	1682	0	0
819	0	70	0	0
888	0	1945	0	0
700	1	1558	0	0
1254	1	2025	0	0
1108	1	1997	0	0
164	0	1871	0	0
29	1	1522	0	0
138	1	1521	0	0
478	0	762	0	0
487	2	374	0	0
505	0	1355	1	4
1235	2	1355	0	0
611	1	1862	0	0
310	0	796	0	0
1254	1	1543	0	0
1096	2	1503	0	0
770	2	605	0	0
1859	0	1789	0	0
264	1	1517	0	0
987	0	2034	0	0
212	1	1581	0	0
299	1	1506	0	0
1720	0	553	0	0
1616	0	85	0	0
212	1	1710	0	0
854	2	1640	0	0
1143	2	1797	0	0
143	2	1506	0	0
711	0	1355	1	4
500	2	1547	0	0
228	2	1638	0	0
1260	2	1503	0	0
1635	0	845	0	0
1194	1	1868	0	0
138	1	1544	0	0
1695	0	586	0	0
1941	0	947	0	0
1362	0	1439	0	0
646	0	1355	1	4
422	1	1551	0	0
173	2	1649	0	0
1296	0	99	0	0
1976	0	1524	0	0
1706	0	1841	0	0
1550	0	20	0	0
1328	1	1549	0	0
1226	1	1580	0	0
1813	0	372	0	0
1748	0	401	0	0
361	0	701	0	0
2009	0	1798	0	0
1939	0	1827	0	0
798	0	594	0	0
1014	0	1775	0	0
477	2	531	1	3
1165	1	1580	0	0
966	1	1535	0	0
1289	0	100	0	0
410	0	1436	0	0
1682	0	1909	0	0
211	2	180	1	3
375	1	1728	0	0
531	1	1668	0	0
1069	1	1916	0	0
237	0	1408	0	0
300	1	1676	0	0
684	0	1355	1	4
509	1	1817	0	0
100	1	1523	0	0
1401	0	1355	1	4
1312	0	1355	1	4
296	0	1049	0	0
1705	0	1925	0	0
38	1	1544	0	0
467	2	315	0	0
189	2	1650	0	0
553	0	1355	1	4
493	1	1619	0	0
518	1	1742	0	0
206	1	1698	0	0
754	2	605	0	0
364	2	1507	0	0
1366	2	1610	0	0
370	2	1638	0	0
1326	0	720	0	0
1747	0	1076	0	0
190	2	605	0	0
140	2	1646	0	0
958	1	1503	0	0
336	2	1547	0	0
477	0	1355	1	4
928	1	1584	0	0
456	2	315	0	0
1875	0	699	0	0
1888	0	819	0	0
1458	1	1580	0	0
1234	0	1355	1	4
1495	0	1355	1	4
172	2	1355	0	0
967	1	1828	0	0
858	0	149	0	0
1485	2	1503	0	0
2013	0	1058	0	0
1078	1	1563	0	0
611	1	1835	0	0
2046	0	1373	0	0
1239	0	905	0	0
42	1	1526	0	0
958	1	1819	0	0
375	1	1612	0	0
530	1	1583	0	0
138	2	1503	0	0
711	0	877	0	0
2	2	1503	0	0
1299	1	2033	0	0
441	0	792	0	0
1992	0	502	0	0
1306	1	1558	0	0
900	2	959	1	3
48	1	1549	0	0
894	0	1010	0	0
138	2	149	1	3
474	2	1355	0	0
1488	2	1355	0	0
853	0	257	0	0
961	0	488	0	0
1082	1	1944	0	0
583	1	1697	0	0
283	0	1355	1	2
1305	0	1287	0	0
1089	2	556	1	3
1322	0	1597	0	0
627	0	439	0	0
338	2	1738	0	0
481	2	1355	0	0
322	0	1355	1	4
1450	0	1825	0	0
600	1	1584	0	0
971	1	1533	0	0
610	0	1323	0	0
49	2	1547	0	0
1047	1	1970	0	0
886	1	1564	0	0
618	1	1534	0	0
112	0	1856	0	0
900	1	1637	0	0
208	2	1638	0	0
261	1	1671	0	0
804	0	137	0	0
1370	2	39	0	0
167	2	1512	0	0
333	1	1637	0	0
1309	0	1467	0	0
440	1	1784	0	0
168	0	283	0	0
529	1	1832	0	0
1407	2	374	0	0
1977	0	2052	0	0
138	1	1516	0	0
1198	0	238	0	0
682	0	1884	0	0
884	0	8	0	0
1	0	1478	0	0
1220	1	1731	0	0
232	2	1507	0	0
1317	1	1548	0	0
245	0	1490	0	0
561	1	1798	0	0
136	1	1657	0	0
629	1	1888	0	0
340	2	1738	0	0
714	0	1355	1	4
1459	0	868	0	0
1534	2	1093	1	3
215	0	131	0	0
296	1	1580	0	0
1998	2	427	1	3
1905	0	1364	0	0
500	1	1584	0	0
449	1	1793	0	0
966	2	1503	0	0
892	2	1504	1	3
1174	1	1548	0	0
507	2	1642	0	0
708	0	868	0	0
423	1	1551	0	0
470	1	1562	0	0
53	2	1547	0	0
1972	0	1768	0	0
1219	1	1746	0	0
694	0	1355	1	4
204	2	1652	0	0
1530	0	1805	0	0
865	0	581	0	0
536	0	1044	0	0
987	0	812	0	0
1284	2	2017	0	0
720	0	1355	1	4
1232	2	605	0	0
1780	0	242	0	0
1259	0	2009	0	0
1709	0	799	0	0
293	1	1729	0	0
922	1	1558	0	0
649	0	859	0	0
1926	0	72	0	0
491	0	1355	1	4
169	0	625	0	0
519	1	1514	0	0
541	1	1767	0	0
961	1	1545	0	0
328	1	1749	0	0
714	0	1433	0	0
581	1	1560	0	0
1952	0	1907	0	0
542	0	1111	0	0
1035	1	1960	0	0
146	2	39	0	0
523	2	1794	0	0
51	1	1568	0	0
48	0	483	0	0
1941	2	970	1	3
530	1	1856	0	0
1051	1	1902	0	0
683	0	1355	1	4
1226	1	1408	0	0
1607	0	2062	0	0
1036	2	987	0	0
1139	2	39	0	0
1455	1	1780	0	0
1319	1	1509	0	0
502	0	1385	0	0
1254	1	1732	0	0
212	1	1700	0	0
1605	2	1612	1	3
869	0	543	0	0
889	0	620	0	0
530	1	1852	0	0
850	2	605	0	0
1151	2	1355	0	0
842	0	1355	1	4
450	1	1021	0	0
582	0	1791	0	0
1254	0	1355	1	4
1255	1	2027	0	0
520	0	1355	1	4
1035	1	1542	0	0
145	2	1638	0	0
217	1	1630	0	0
427	1	1767	0	0
213	2	605	0	0
1039	0	1801	0	0
436	1	1580	0	0
483	0	286	0	0
1254	1	1522	0	0
1427	1	1594	0	0
874	0	1450	0	0
1255	1	1758	0	0
672	0	1355	1	4
1357	1	1850	0	0
726	0	322	0	0
192	0	1355	1	4
557	2	1503	0	0
1475	2	39	0	0
1944	0	817	0	0
890	0	197	0	0
815	2	1505	0	0
1110	0	1376	0	0
407	1	1791	0	0
42	0	635	0	0
1035	1	1950	0	0
1171	1	1991	0	0
846	0	1355	1	4
1032	2	374	0	0
216	0	574	0	0
962	2	1519	0	0
717	0	709	0	0
541	1	1871	0	0
69	0	274	0	0
418	0	1482	0	0
386	1	1562	0	0
1123	0	434	0	0
511	2	605	0	0
1071	1	1546	0	0
1437	1	2054	0	0
1791	0	17	0	0
764	0	1355	1	4
840	0	1355	1	4
225	1	1514	0	0
644	2	605	0	0
138	1	1561	0	0
468	1	1521	0	0
218	2	39	0	0
394	1	1560	0	0
1361	0	1355	1	2
175	1	1611	0	0
1243	2	315	0	0
769	0	400	0	0
1409	0	1119	0	0
529	1	1821	0	0
1478	2	1503	0	0
1073	0	1355	1	2
48	0	1008	0	0
143	0	808	0	0
1679	0	764	0	0
530	1	1850	0	0
1811	0	353	0	0
108	2	1355	0	0
91	1	1526	0	0
434	1	1775	0	0
989	0	1933	0	0
1038	2	1504	0	0
369	2	1519	0	0
840	0	562	0	0
2	1	1604	0	0
1580	0	1060	0	0
463	2	1547	0	0
1984	0	871	0	0
1240	0	633	0	0
138	1	1519	0	0
1037	2	605	0	0
115	2	1503	0	0
1145	0	966	0	0
1049	2	1926	0	0
911	1	1909	0	0
822	0	1462	0	0
792	0	1355	1	4
36	0	1231	0	0
1469	2	1355	0	0
134	0	289	0	0
149	2	1504	0	0
141	1	1663	0	0
1374	2	39	0	0
1246	0	1355	1	4
556	0	177	0	0
743	0	779	0	0
807	0	1040	0	0
1553	2	1476	1	3
1302	2	211	1	3
967	1	1814	0	0
602	1	1603	0	0
268	0	27	0	0
284	1	1598	0	0
1263	0	1355	1	4
987	2	374	0	0
458	0	829	0	0
1427	1	1835	0	0
690	0	1799	0	0
1731	0	297	0	0
1054	0	359	0	0
1246	0	387	0	0
520	0	66	0	0
1041	0	1990	0	0
539	2	1503	0	0
1137	0	477	0	0
1255	1	1816	0	0
1087	0	1923	0	0
470	2	1512	0	0
1207	1	1730	0	0
724	0	1355	1	4
1271	2	1506	0	0
2018	0	1000	0	0
1052	1	1514	0	0
1406	0	1355	1	4
1467	2	1871	1	3
1729	0	132	0	0
1250	1	1782	0	0
972	1	1513	0	0
1440	0	1257	0	0
1280	2	2015	0	0
34	1	1531	0	0
440	1	1789	0	0
1130	2	1503	0	0
1255	1	1534	0	0
1380	0	1808	0	0
541	2	437	1	3
163	2	39	0	0
101	0	1581	0	0
81	1	1564	0	0
1628	0	1067	0	0
961	1	1542	0	0
702	0	1355	1	4
1042	2	39	0	0
613	0	1355	1	2
1762	0	755	0	0
1795	0	661	0	0
273	1	1533	0	0
436	1	1782	0	0
1035	1	1961	0	0
966	1	1934	0	0
1393	2	143	1	3
1193	1	1845	0	0
446	0	1552	0	0
401	0	1831	0	0
1542	0	453	0	0
677	0	1538	0	0
386	2	1502	0	0
362	1	1612	0	0
16	0	1016	0	0
535	1	1732	0	0
406	0	1355	1	4
7	1	1546	0	0
24	1	1512	0	0
2053	0	1885	0	0
959	1	887	0	0
97	1	1633	0	0
1222	1	1533	0	0
280	1	1104	0	0
348	1	1664	0	0
1434	0	538	0	0
541	1	1513	0	0
1056	0	1263	0	0
1442	1	1503	0	0
436	1	1730	0	0
1195	1	1514	0	0
1300	1	1700	0	0
2024	0	1439	0	0
1691	0	940	0	0
1035	1	887	0	0
655	0	1355	1	4
531	1	1545	0	0
646	0	645	0	0
945	1	1658	0	0
680	1	1544	0	0
676	0	1355	1	4
138	1	1662	0	0
636	1	1535	0	0
886	1	1587	0	0
561	0	67	0	0
641	2	1893	0	0
541	1	1866	0	0
235	0	1777	0	0
410	0	292	0	0
1754	0	288	0	0
1432	1	1541	0	0
643	2	1642	0	0
1481	0	1225	0	0
997	0	1895	0	0
1463	0	1355	1	4
723	2	1355	0	0
195	2	374	0	0
1153	2	1505	0	0
421	1	1533	0	0
138	1	1661	0	0
231	2	1509	0	0
1035	1	1954	0	0
404	1	1658	0	0
958	1	1815	0	0
666	0	1364	0	0
533	0	1002	0	0
958	1	573	0	0
676	0	1270	0	0
1635	0	1706	0	0
326	0	1355	1	4
1391	0	2024	0	0
1237	2	1509	0	0
685	0	700	0	0
958	1	1535	0	0
1369	2	1503	0	0
1717	0	1961	0	0
1861	0	7	0	0
252	1	1507	0	0
1612	0	236	0	0
1781	0	573	0	0
133	2	1505	0	0
2007	0	1441	0	0
898	0	686	0	0
165	0	1725	0	0
572	0	568	0	0
1089	1	1968	0	0
577	0	526	0	0
1035	1	1951	0	0
326	0	1918	0	0
1619	0	1881	0	0
1274	0	1072	0	0
1471	0	1154	0	0
903	1	1573	0	0
980	2	1503	0	0
737	0	1355	1	4
381	2	1504	0	0
427	1	1771	0	0
509	1	1814	0	0
1165	1	1845	0	0
200	2	605	0	0
78	1	1594	0	0
521	2	1503	0	0
429	1	1594	0	0
362	2	315	0	0
35	2	1547	0	0
1245	2	1503	0	0
636	1	1505	0	0
1203	1	2000	0	0
212	1	353	0	0
1450	0	137	0	0
1041	0	687	0	0
974	2	315	0	0
786	0	546	0	0
2015	0	460	0	0
636	1	605	0	0
911	1	1662	0	0
35	1	457	0	0
1047	1	1859	0	0
1257	0	1355	1	4
856	2	1547	0	0
563	1	859	0	0
212	1	1596	0	0
1477	0	1355	1	4
1341	1	1171	0	0
1335	1	1526	0	0
93	1	1627	0	0
1456	1	1521	0	0
212	1	1576	0	0
541	2	39	0	0
212	1	1592	0	0
967	1	1935	0	0
1050	2	1638	0	0
1466	2	1503	0	0
1077	1	1513	0	0
560	0	1946	0	0
630	1	1742	0	0
1781	0	82	0	0
614	1	1560	0	0
27	1	1515	0	0
798	0	1355	1	4
15	2	1509	0	0
69	1	1592	0	0
499	0	1575	0	0
568	1	1551	0	0
654	0	864	0	0
356	2	1355	0	0
645	1	1749	0	0
1366	1	1584	0	0
438	1	1514	0	0
1757	0	915	0	0
39	1	1521	0	0
112	2	315	0	0
1220	0	1518	0	0
427	1	1768	0	0
341	2	1738	0	0
307	0	654	0	0
1019	2	1503	0	0
212	1	1714	0	0
211	1	1514	0	0
160	0	649	0	0
1311	0	1055	0	0
974	1	1941	0	0
841	2	1355	0	0
806	2	1505	0	0
1476	0	1407	0	0
1498	0	749	0	0
1748	0	857	0	0
1110	0	418	0	0
1477	0	289	0	0
959	2	1638	0	0
892	1	1583	0	0
555	0	1289	0	0
1047	1	586	0	0
828	0	1933	0	0
970	1	1692	0	0
1386	0	176	0	0
1890	0	1154	0	0
1348	0	1667	0	0
916	0	2000	0	0
1035	1	1949	0	0
939	0	698	0	0
223	0	1355	1	4
713	2	1505	0	0
1192	1	1592	0	0
277	1	1545	0	0
1047	2	1508	0	0
1188	1	1998	0	0
223	2	1504	0	0
889	1	1545	0	0
2	1	1600	0	0
169	0	1355	1	4
8	1	1618	0	0
1216	1	1533	0	0
1498	0	1943	0	0
1008	2	1547	0	0
1241	2	1509	0	0
863	2	1519	0	0
408	0	1962	0	0
1623	0	69	0	0
1483	2	1355	0	0
453	2	1564	1	3
637	0	310	0	0
856	0	1876	0	0
18	1	1523	0	0
1331	0	545	0	0
604	0	990	0	0
16	0	1355	1	4
462	0	1355	1	4
991	2	605	0	0
1341	1	1554	0	0
1350	1	1860	0	0
713	1	1675	0	0
45	0	1355	1	4
1093	1	1987	0	0
901	0	1135	0	0
328	1	1516	0	0
896	1	1551	0	0
1254	1	887	0	0
294	0	1853	0	0
24	2	1504	0	0
1606	0	796	0	0
1484	2	1503	0	0
375	0	33	0	0
375	1	1533	0	0
149	2	39	0	0
125	2	605	0	0
323	0	1278	0	0
1387	0	41	0	0
207	0	635	0	0
98	1	1548	0	0
1387	0	1355	1	4
116	2	1505	0	0
616	1	1504	0	0
902	1	1556	0	0
211	1	657	0	0
563	1	1545	0	0
348	2	1639	0	0
853	2	1895	0	0
212	1	1712	0	0
1018	0	1928	0	0
4	1	1607	0	0
1453	0	243	0	0
1208	0	1877	0	0
161	2	1638	0	0
1378	2	1504	0	0
750	0	1355	1	4
997	2	1652	0	0
972	0	855	0	0
2	2	950	1	3
642	2	1506	0	0
1296	2	1519	0	0
1057	0	417	0	0
1951	0	1641	0	0
500	1	1513	0	0
427	1	1589	0	0
513	2	1355	0	0
426	1	1557	0	0
212	1	1719	0	0
1201	1	1835	0	0
881	0	622	0	0
577	0	329	0	0
1553	2	2045	1	3
185	0	1113	0	0
607	1	1573	0	0
838	0	132	0	0
45	0	1300	0	0
1447	1	1580	0	0
1603	0	71	0	0
416	1	1594	0	0
797	0	253	0	0
763	0	1355	1	4
72	1	1593	0	0
1408	2	1639	0	0
1157	0	1355	1	4
671	0	1355	1	4
1231	2	1504	0	0
1326	2	1548	1	3
160	0	1838	0	0
1302	0	1253	0	0
120	2	605	0	0
232	0	1331	0	0
1125	2	1512	1	3
1366	2	1504	0	0
484	0	1355	1	4
1043	2	1047	1	3
1576	0	16	0	0
1579	0	1464	0	0
546	2	1355	0	0
209	2	1503	0	0
84	1	1598	0	0
648	0	1844	0	0
433	0	2030	0	0
202	0	1662	0	0
95	1	1559	0	0
678	0	192	0	0
238	0	401	0	0
1223	0	1389	0	0
53	1	1571	0	0
1624	0	1180	0	0
1226	1	1589	0	0
998	2	1508	0	0
1180	1	1917	0	0
1023	0	1219	0	0
1817	0	203	0	0
1375	2	39	0	0
497	2	605	0	0
427	1	1761	0	0
1103	2	1505	0	0
561	1	1799	0	0
212	1	1606	0	0
958	1	1552	0	0
1181	0	1355	1	2
1273	0	822	0	0
1837	0	1206	0	0
1932	0	120	0	0
887	1	1637	0	0
142	2	1355	0	0
365	0	1355	1	4
990	0	1355	1	4
1906	0	1157	0	0
352	2	39	0	0
1226	1	1557	0	0
2014	0	1942	0	0
534	2	1504	0	0
463	0	1251	0	0
681	0	1743	0	0
192	0	1349	0	0
281	1	1581	0	0
149	2	1557	0	0
966	2	605	0	0
1308	2	1547	0	0
1431	1	1859	0	0
995	2	315	0	0
549	2	605	0	0
61	1	1545	0	0
621	1	1547	0	0
483	0	249	0	0
137	2	1505	0	0
1737	0	1238	0	0
107	0	267	0	0
1984	0	1749	0	0
279	0	1360	0	0
1418	2	1521	1	3
295	0	1364	0	0
276	0	443	0	0
136	2	1547	0	0
1294	2	2020	0	0
1402	2	1547	0	0
946	1	1594	0	0
500	1	1810	0	0
708	0	735	0	0
1154	0	96	0	0
229	0	1116	0	0
1035	1	1527	0	0
266	1	1676	0	0
661	0	1649	0	0
680	1	1527	0	0
616	1	1769	0	0
531	1	1535	0	0
598	1	1692	0	0
1100	2	1507	0	0
961	1	1589	0	0
11	0	1355	1	4
1071	1	1551	0	0
958	1	1928	0	0
1366	2	1502	0	0
576	0	2055	0	0
291	1	1728	0	0
1994	0	1161	0	0
556	2	374	0	0
961	1	1622	0	0
486	2	1355	0	0
349	2	1505	0	0
568	2	1558	1	3
375	1	1758	0	0
1197	1	1514	0	0
565	1	1564	0	0
1409	2	1642	0	0
879	2	1519	0	0
424	1	1752	0	0
1960	0	1094	0	0
1324	1	1587	0	0
93	1	1535	0	0
559	0	1369	0	0
495	0	196	0	0
1366	1	2045	0	0
705	2	605	0	0
214	2	1507	0	0
24	1	1511	0	0
537	0	1355	1	4
1620	0	111	0	0
1020	1	1600	0	0
588	1	1503	0	0
501	1	1812	0	0
997	2	315	0	0
535	1	1702	0	0
1638	2	1748	1	3
936	0	532	0	0
1189	0	1740	0	0
961	2	1604	1	3
44	1	1558	0	0
483	0	452	0	0
659	0	1947	0	0
1313	0	1036	0	0
689	0	832	0	0
1089	1	1965	0	0
1232	0	352	0	0
86	2	605	1	3
370	2	1503	0	0
1478	0	1882	0	0
970	1	1746	0	0
1567	2	449	1	3
784	2	1355	0	0
626	1	1756	0	0
1493	0	1355	1	4
134	2	1519	0	0
328	0	1271	0	0
132	0	573	0	0
1739	0	1201	0	0
828	0	179	0	0
835	2	1505	0	0
797	2	1505	0	0
957	0	1355	1	4
57	0	156	0	0
989	0	1355	1	4
1269	0	1305	0	0
1871	0	198	0	0
1401	1	1384	0	0
865	1	1557	0	0
1324	0	359	0	0
480	0	366	0	0
761	0	1170	0	0
61	0	343	0	0
980	0	1931	0	0
1427	1	1591	0	0
875	2	1547	0	0
355	2	958	1	3
500	1	1728	0	0
1226	1	1555	0	0
117	2	1517	1	3
1808	0	917	0	0
1291	0	1789	0	0
1309	2	605	0	0
63	1	1533	0	0
563	1	1547	0	0
1089	1	887	0	0
1393	2	39	0	0
514	0	1911	0	0
278	1	1576	0	0
208	1	1699	0	0
1450	0	1031	0	0
549	1	1884	0	0
226	0	1355	1	4
363	1	1647	0	0
472	1	1743	0	0
1468	0	145	0	0
1107	2	1503	0	0
1232	0	1133	0	0
1173	1	1553	0	0
1432	1	1945	0	0
1389	2	1503	0	0
2	1	1601	0	0
1426	1	1775	0	0
449	1	1792	0	0
1898	0	1623	0	0
918	1	1871	0	0
529	1	1560	0	0
376	1	1557	0	0
88	1	1615	0	0
485	0	1355	1	4
499	0	984	0	0
1065	1	1545	0	0
1295	2	1504	0	0
1119	0	105	0	0
505	0	772	0	0
556	0	1119	0	0
1142	0	1355	1	4
702	1	1911	0	0
1256	2	1503	0	0
530	0	1355	1	4
218	0	1565	0	0
335	2	1547	0	0
104	0	1715	0	0
854	2	315	0	0
739	2	1355	0	0
958	1	1527	0	0
1033	2	1507	0	0
1179	1	1578	0	0
1106	2	1638	0	0
1373	2	39	0	0
835	0	1266	0	0
1240	2	1509	0	0
800	2	1519	0	0
1817	0	1589	0	0
1270	2	39	0	0
373	2	1504	0	0
1189	0	932	0	0
1226	1	1545	0	0
44	1	1553	0	0
878	0	1598	0	0
1250	2	315	0	0
843	1	1559	0	0
540	0	1355	1	4
1441	0	359	0	0
1099	1	1862	0	0
310	2	1735	0	0
1274	0	415	0	0
1401	2	1505	0	0
1197	0	1110	0	0
2040	0	1928	0	0
529	1	1841	0	0
668	2	39	0	0
200	0	1882	0	0
2	1	1603	0	0
680	0	1355	1	4
1136	2	1503	0	0
455	2	315	0	0
1955	0	1569	0	0
924	1	1910	0	0
1817	0	94	0	0
1371	0	1871	0	0
961	1	1600	0	0
450	1	605	0	0
212	1	1722	0	0
1275	0	1355	1	4
959	0	1109	0	0
2002	0	711	0	0
674	2	1548	1	3
1273	0	1689	0	0
783	2	1355	0	0
1874	0	77	0	0
1704	0	2035	0	0
395	0	82	0	0
589	1	1713	0	0
1093	1	1534	0	0
1433	0	924	0	0
320	1	1742	0	0
1178	1	1098	0	0
975	0	2053	0	0
562	1	1537	0	0
54	0	1823	0	0
961	1	1743	0	0
1108	1	1904	0	0
776	0	284	0	0
974	1	1940	0	0
1198	0	891	0	0
1838	0	712	0	0
1450	1	1547	0	0
547	2	1502	0	0
859	0	367	0	0
9	2	1507	0	0
1416	0	1724	0	0
1425	1	1656	0	0
1366	2	1642	0	0
1025	0	612	0	0
445	0	1952	0	0
702	1	1658	0	0
121	2	1641	0	0
124	2	1643	0	0
507	2	1504	0	0
612	1	1879	0	0
679	0	1371	0	0
884	0	346	0	0
1014	0	671	0	0
921	1	1675	0	0
216	2	1547	0	0
170	2	1510	0	0
113	2	1506	0	0
328	2	605	0	0
473	2	1504	0	0
1	2	39	0	0
332	2	1547	0	0
1308	2	1504	0	0
620	1	1653	0	0
2007	0	1170	0	0
1434	1	1521	0	0
1384	0	1355	1	4
449	2	726	1	3
1105	2	1506	0	0
942	1	1692	0	0
935	1	1914	0	0
1382	0	1355	1	4
1267	0	217	0	0
745	2	605	0	0
1152	0	144	0	0
669	0	1355	1	4
1056	1	1666	0	0
1306	2	1506	0	0
1029	0	1791	0	0
1323	1	1746	0	0
1075	0	527	0	0
964	2	1921	0	0
346	0	1355	1	4
1108	1	1627	0	0
71	1	1514	0	0
1742	2	428	1	3
332	1	1751	0	0
50	1	1566	0	0
532	2	1504	0	0
1295	0	1355	1	4
630	0	1423	0	0
436	1	1564	0	0
35	1	1553	0	0
928	0	308	0	0
790	2	1505	0	0
410	0	1374	0	0
212	1	1705	0	0
440	1	1713	0	0
233	0	1526	0	0
255	1	1548	0	0
1410	1	1515	0	0
782	0	271	0	0
1846	0	608	0	0
818	2	1505	0	0
55	1	1574	0	0
184	2	315	0	0
827	0	1355	1	4
645	1	1538	0	0
1072	0	127	0	0
2	1	1602	0	0
1245	0	470	0	0
930	1	1584	0	0
399	1	1786	0	0
1106	2	1547	0	0
1042	0	52	0	0
1297	0	144	0	0
631	1	1890	0	0
1230	2	1355	0	0
881	1	1857	0	0
618	1	1845	0	0
549	1	1881	0	0
555	1	1611	0	0
404	1	1782	0	0
531	1	1660	0	0
50	1	1567	0	0
33	1	1528	0	0
44	1	1556	0	0
892	1	1584	0	0
1083	1	1561	0	0
1925	0	922	0	0
1110	1	1605	0	0
961	1	1930	0	0
93	1	217	0	0
531	1	1859	0	0
1265	0	1526	0	0
493	2	605	0	0
300	0	1251	0	0
1399	2	1505	0	0
1781	0	508	0	0
12	1	1621	0	0
1035	1	1781	0	0
936	2	2	1	3
1035	1	1956	0	0
658	1	1812	0	0
103	0	1355	1	4
598	1	1830	0	0
530	1	406	0	0
878	2	1638	0	0
83	2	1505	0	0
368	2	1507	0	0
509	1	1815	0	0
868	2	1504	0	0
660	2	1547	0	0
1047	2	1503	0	0
287	0	1355	1	2
1167	0	1491	0	0
1449	1	1696	0	0
817	0	1355	1	4
1255	1	1664	0	0
780	2	1505	0	0
742	2	605	0	0
1252	1	410	0	0
490	0	1055	0	0
757	2	605	0	0
1227	2	39	0	0
1138	0	48	0	0
259	1	1670	0	0
988	2	1355	0	0
320	2	315	0	0
599	1	38	0	0
719	0	969	0	0
668	0	721	0	0
283	0	624	0	0
1201	0	682	0	0
418	1	1748	0	0
620	1	1579	0	0
1227	1	2022	0	0
856	2	605	0	0
1985	0	613	0	0
357	2	1355	0	0
1850	0	584	0	0
529	1	1692	0	0
1490	2	1504	0	0
500	1	1536	0	0
1090	1	1669	0	0
571	1	1781	0	0
2022	0	1989	0	0
977	1	1507	0	0
143	1	1541	0	0
1873	0	226	0	0
28	2	1835	1	3
786	0	1355	1	4
733	0	837	0	0
1723	0	2047	0	0
212	1	1609	0	0
7	1	1611	0	0
57	1	1579	0	0
255	1	1526	0	0
472	0	751	0	0
476	2	605	0	0
1906	0	363	0	0
701	2	1505	0	0
1248	0	1117	0	0
470	2	1503	0	0
734	2	1505	0	0
845	2	605	0	0
33	1	1506	0	0
782	2	1505	0	0
643	0	1168	0	0
1862	0	253	0	0
518	1	1825	0	0
427	1	1518	0	0
278	0	483	0	0
1407	0	793	0	0
1350	0	1045	0	0
414	0	1001	0	0
725	0	1800	0	0
427	1	1765	0	0
178	0	1983	0	0
500	1	1521	0	0
276	1	1529	0	0
362	0	1311	0	0
337	0	624	0	0
541	1	1875	0	0
1050	0	1355	1	4
600	1	1846	0	0
844	0	1806	0	0
710	0	15	0	0
437	0	1461	0	0
865	1	1517	0	0
309	2	1505	0	0
1177	1	1509	0	0
531	0	1355	1	4
1114	2	39	0	0
1318	0	137	0	0
873	2	1504	0	0
560	1	1560	0	0
1897	0	560	0	0
375	1	1545	0	0
2043	2	887	1	3
263	1	1659	0	0
43	1	1514	0	0
1328	1	2023	0	0
212	1	1526	0	0
861	0	1844	0	0
1089	1	1948	0	0
900	1	1564	0	0
732	0	176	0	0
1698	0	1997	0	0
541	1	1868	0	0
1858	0	1318	0	0
1797	2	1510	1	3
837	0	1338	0	0
201	0	1461	0	0
650	0	283	0	0
2021	0	537	0	0
512	0	1923	0	0
785	0	827	0	0
1896	0	927	0	0
891	0	1224	0	0
509	1	1558	0	0
430	1	1098	0	0
618	0	295	0	0
860	0	1257	0	0
1710	0	1587	0	0
442	1	1548	0	0
374	2	1507	0	0
48	1	1562	0	0
1051	1	1573	0	0
531	1	1504	0	0
1361	1	1521	0	0
777	2	1505	0	0
2	1	1530	0	0
606	0	1679	0	0
958	1	1519	0	0
378	2	374	0	0
1490	0	1656	0	0
1026	0	1140	0	0
55	1	605	0	0
234	2	605	0	0
699	0	72	0	0
370	0	1355	1	4
1356	1	2038	0	0
912	0	1907	0	0
791	2	1505	0	0
265	0	804	0	0
843	0	1355	1	4
2023	0	943	0	0
1479	0	1355	1	4
290	1	1583	0	0
531	1	605	0	0
531	1	1581	0	0
157	2	1547	0	0
1868	0	1841	0	0
1887	0	293	0	0
1047	2	1647	0	0
1130	2	1638	0	0
1171	0	704	0	0
585	1	1824	0	0
2037	0	1379	0	0
1293	2	2019	0	0
191	1	1553	0	0
1453	1	1534	0	0
967	1	1537	0	0
324	0	1355	1	4
2008	0	32	0	0
1001	0	1355	1	4
1489	2	1507	0	0
88	1	1617	0	0
581	1	1692	0	0
1089	1	1195	0	0
1697	0	100	0	0
1217	1	38	0	0
134	2	1506	0	0
1006	0	1431	0	0
954	2	1920	0	0
1259	0	1424	0	0
1125	2	1503	0	0
1401	0	479	0	0
724	0	484	0	0
867	0	1908	0	0
618	0	1725	0	0
865	1	1545	0	0
959	2	605	0	0
971	2	1610	0	0
476	0	1355	1	4
582	0	219	0	0
563	1	1630	0	0
840	0	1086	0	0
2	2	315	0	0
427	1	1533	0	0
753	0	1212	0	0
338	0	465	0	0
54	1	1572	0	0
1229	0	624	0	0
1017	0	70	0	0
275	0	1856	0	0
868	0	1355	1	4
12	1	1622	0	0
1439	1	2055	0	0
549	2	1503	0	0
349	1	1504	0	0
943	0	58	0	0
1783	0	1761	0	0
549	1	1307	0	0
1500	0	189	0	0
529	1	1837	0	0
897	1	1517	0	0
40	0	1415	0	0
232	0	1355	1	4
1143	0	1450	0	0
1510	2	0	1	3
741	0	1355	1	4
1370	0	1994	0	0
1013	0	1355	1	4
39	2	1504	0	0
229	2	1504	0	0
1799	0	319	0	0
266	1	1677	0	0
525	2	39	0	0
1047	1	1977	0	0
1081	1	1658	0	0
731	2	1505	0	0
37	1	1540	0	0
212	1	1678	0	0
1191	1	1533	0	0
39	1	1547	0	0
1608	0	302	0	0
1723	0	1793	0	0
503	0	729	0	0
1341	1	1560	0	0
864	2	39	0	0
1091	1	1513	0	0
1829	0	766	0	0
666	0	1355	1	4
545	2	1547	0	0
1167	0	829	0	0
1300	2	605	0	0
34	1	1537	0	0
524	2	1547	0	0
1594	2	903	1	3
344	2	374	0	0
1471	0	253	0	0
1145	2	1982	0	0
457	0	2040	0	0
669	0	1377	0	0
1112	2	374	0	0
644	1	1561	0	0
509	1	1813	0	0
530	1	1692	0	0
311	2	1504	0	0
1621	0	1842	0	0
1102	0	201	0	0
1285	0	1463	0	0
953	0	1355	1	4
313	2	1507	0	0
419	0	1275	0	0
681	1	1606	0	0
1196	1	1788	0	0
1285	0	1465	0	0
269	0	501	0	0
536	2	1519	0	0
1701	0	169	0	0
553	0	747	0	0
289	0	355	0	0
764	2	1505	0	0
185	1	1533	0	0
821	0	251	0	0
1086	1	1912	0	0
1450	0	677	0	0
449	1	1742	0	0
1139	0	856	0	0
1856	0	1061	0	0
1434	0	177	0	0
1887	0	431	0	0
910	0	785	0	0
1238	2	1509	0	0
868	0	476	0	0
90	1	1571	0	0
1796	0	1808	0	0
933	1	1558	0	0
1050	1	1534	0	0
843	1	1915	0	0
350	0	1340	0	0
171	0	1838	0	0
196	2	374	0	0
1009	2	1638	0	0
1482	0	49	0	0
909	0	2009	0	0
35	2	1610	0	0
1054	0	1217	0	0
68	0	407	0	0
863	1	1917	0	0
839	2	1355	0	0
625	1	1527	0	0
646	2	1507	0	0
742	0	459	0	0
348	2	1519	0	0
966	2	315	0	0
2046	0	2053	0	0
773	0	1355	1	4
529	1	1845	0	0
138	1	1525	0	0
1316	1	1871	0	0
437	1	1783	0	0
1226	1	1861	0	0
979	2	1504	0	0
265	1	1675	0	0
1290	2	1504	0	0
870	2	1355	0	0
417	0	1689	0	0
34	1	1505	0	0
148	2	39	0	0
336	0	1283	0	0
92	1	1626	0	0
1061	1	1942	0	0
211	1	1600	0	0
431	1	1772	0	0
72	1	1514	0	0
1125	2	1507	0	0
777	0	1355	1	4
1754	0	1947	0	0
263	0	520	0	0
915	0	955	0	0
1174	0	1428	0	0
1543	0	1882	0	0
1255	1	1545	0	0
734	0	1355	1	4
1119	0	691	0	0
1397	0	1355	1	4
1047	1	1975	0	0
958	1	1507	0	0
600	1	1723	0	0
682	0	654	0	0
72	0	1759	0	0
747	0	1355	1	4
1495	0	505	0	0
851	0	128	0	0
1155	2	1984	0	0
1465	0	1956	0	0
63	0	1355	1	4
717	0	968	0	0
706	1	1702	0	0
1726	0	1951	0	0
35	1	1552	0	0
67	1	1590	0	0
931	1	1559	0	0
940	1	1535	0	0
424	1	605	0	0
28	1	1518	0	0
939	1	1744	0	0
1380	0	1242	0	0
525	1	1535	0	0
1170	1	1519	0	0
56	1	1578	0	0
412	1	410	0	0
1322	1	1581	0	0
33	1	1521	0	0
277	1	1697	0	0
353	2	39	0	0
622	1	1690	0	0
515	0	539	0	0
197	0	1072	0	0
549	1	1527	0	0
1421	0	194	0	0
58	0	983	0	0
825	0	492	0	0
888	1	1637	0	0
251	1	1656	0	0
656	0	657	0	0
1036	0	697	0	0
1679	0	1827	0	0
138	1	1505	0	0
967	1	1816	0	0
1128	2	1547	0	0
1213	1	2004	0	0
614	1	1583	0	0
541	1	1664	0	0
1388	0	931	0	0
878	0	302	0	0
1085	1	1583	0	0
690	0	1129	0	0
818	0	1772	0	0
1347	1	1668	0	0
977	1	1529	0	0
1248	0	1355	1	4
977	2	1515	1	3
618	1	1553	0	0
1155	0	970	0	0
200	2	1504	0	0
57	1	1580	0	0
170	0	550	0	0
211	2	23	1	3
1820	0	520	0	0
49	1	1563	0	0
1131	2	39	0	0
88	1	1616	0	0
574	0	1812	0	0
539	2	1547	0	0
654	2	605	0	0
635	2	1892	0	0
107	0	1165	0	0
165	2	1507	0	0
386	0	419	0	0
907	1	1818	0	0
1782	0	1540	0	0
1025	0	309	0	0
302	1	573	0	0
997	0	478	0	0
266	1	1611	0	0
700	0	1355	1	4
1323	1	1692	0	0
328	2	1505	0	0
1334	1	1583	0	0
1036	0	692	0	0
1770	0	1795	0	0
475	2	1355	0	0
1033	0	1669	0	0
662	0	1355	1	4
212	1	1721	0	0
1184	1	1996	0	0
1128	1	887	0	0
1316	1	1600	0	0
1837	0	1919	0	0
939	0	823	0	0
1277	0	1355	1	4
857	2	374	0	0
882	1	1355	0	0
1254	1	1507	0	0
1226	2	1070	1	3
1099	1	1684	0	0
863	1	1518	0	0
622	1	1532	0	0
186	0	1650	0	0
403	0	1355	1	4
904	1	1521	0	0
1214	1	1355	0	0
1505	2	2029	1	3
1954	0	638	0	0
738	0	1355	1	4
2011	0	334	0	0
1073	1	1532	0	0
972	0	1956	0	0
1593	0	592	0	0
190	2	1504	0	0
449	1	471	0	0
166	1	1672	0	0
1220	0	1355	1	2
242	0	946	0	0
541	1	1758	0	0
868	0	779	0	0
57	1	1558	0	0
660	2	1502	0	0
159	1	573	0	0
1386	0	2041	0	0
2003	0	849	0	0
507	2	1507	0	0
1037	0	1355	1	4
1323	2	171	1	3
328	2	1519	0	0
200	1	1545	0	0
1103	1	1995	0	0
56	1	1576	0	0
246	0	1355	1	4
342	2	1738	0	0
489	0	205	0	0
983	0	1355	1	4
1788	0	879	0	0
1320	1	1743	0	0
993	0	572	0	0
499	0	52	0	0
528	2	39	0	0
1147	2	1983	0	0
425	1	1611	0	0
448	1	1627	0	0
1122	2	1355	0	0
297	0	1355	1	2
1159	0	1690	0	0
1559	2	1850	1	3
1708	0	275	0	0
1685	0	284	0	0
529	1	1831	0	0
402	2	1503	0	0
573	1	1545	0	0
1255	0	1355	1	4
611	1	1833	0	0
599	1	1832	0	0
207	0	1963	0	0
1401	1	1739	0	0
1077	1	1546	0	0
977	1	1943	0	0
1120	2	605	0	0
1009	0	1707	0	0
269	1	1683	0	0
377	0	671	0	0
732	2	1610	0	0
1640	2	374	1	3
509	2	42	1	3
151	0	1355	1	4
1062	0	1263	0	0
1154	0	1355	1	4
611	1	1878	0	0
409	1	1742	0	0
211	1	1504	0	0
1210	0	1479	0	0
539	2	1507	0	0
1281	2	2016	0	0
715	2	1505	0	0
427	1	1764	0	0
1943	0	1677	0	0
138	1	1558	0	0
961	1	1929	0	0
529	1	1835	0	0
1440	1	1931	0	0
1369	2	1557	0	0
38	2	315	0	0
1401	2	1504	0	0
1349	0	105	0	0
693	2	1355	0	0
34	1	1533	0	0
548	0	1662	0	0
452	0	1277	0	0
663	0	358	0	0
183	2	315	0	0
1037	2	1504	0	0
532	1	605	0	0
92	1	1610	0	0
345	2	1503	0	0
1734	2	1856	1	3
1347	1	1845	0	0
1599	0	1826	0	0
1339	0	285	0	0
1227	0	583	0	0
823	0	1719	0	0
1407	0	69	0	0
767	0	635	0	0
405	1	1782	0	0
208	0	1355	1	4
603	0	46	0	0
1226	1	1761	0	0
211	1	1692	0	0
686	0	1355	1	4
212	1	1535	0	0
638	0	1355	1	4
1008	2	1557	0	0
141	2	1638	0	0
283	1	1671	0	0
969	0	571	0	0
74	0	966	0	0
1097	1	1743	0	0
654	2	1504	0	0
1503	2	572	1	3
753	2	1505	0	0
1062	0	1355	1	2
1602	0	125	0	0
1784	0	446	0	0
703	2	39	0	0
1313	0	707	0	0
900	2	1283	1	3
143	1	1645	0	0
1206	2	887	1	3
276	1	1696	0	0
52	1	1529	0	0
83	1	1527	0	0
648	0	1355	1	4
529	1	1704	0	0
541	1	1517	0	0
678	0	423	0	0
929	0	991	0	0
337	0	1355	1	4
773	2	1505	0	0
429	0	1037	0	0
751	0	1822	0	0
611	1	1877	0	0
7	1	1610	0	0
881	1	1579	0	0
158	2	1506	0	0
1031	0	159	0	0
139	2	1646	0	0
1940	0	1435	0	0
1012	0	998	0	0
1357	0	1916	0	0
1983	0	1628	0	0
402	0	277	0	0
1425	1	1635	0	0
1276	2	1547	0	0
1691	0	1374	0	0
855	2	1504	0	0
676	0	1976	0	0
490	0	1940	0	0
681	2	1505	0	0
251	0	1808	0	0
1830	0	1674	0	0
264	0	1394	0	0
844	0	1355	1	4
608	0	1868	0	0
1264	1	1584	0	0
267	1	1678	0	0
611	1	1561	0	0
137	0	271	0	0
1226	1	2021	0	0
248	1	1654	0	0
1201	1	1558	0	0
146	1	1660	0	0
50	2	1503	0	0
563	1	1707	0	0
1793	0	542	0	0
1200	0	2056	0	0
120	2	1504	0	0
1003	2	1503	0	0
1868	2	1521	1	3
59	1	600	0	0
900	1	1852	0	0
211	1	1708	0	0
1391	0	1355	1	4
421	0	1947	0	0
977	0	700	0	0
611	1	1702	0	0
167	2	1648	0	0
441	0	678	0	0
90	1	1623	0	0
1255	1	1544	0	0
1191	1	1814	0	0
1400	2	1640	0	0
1338	1	1734	0	0
1366	1	1622	0	0
138	1	1660	0	0
1344	1	2031	0	0
1373	0	207	0	0
537	1	1561	0	0
1210	1	1852	0	0
1332	0	809	0	0
984	0	1596	0	0
1774	0	1295	0	0
1323	1	1877	0	0
442	1	1533	0	0
274	1	1562	0	0
1586	0	136	0	0
130	0	152	0	0
1565	0	143	0	0
209	0	156	0	0
212	2	1503	0	0
1500	0	920	0	0
778	0	1355	1	4
500	1	1535	0	0
1331	1	2024	0	0
1352	1	1734	0	0
1105	0	72	0	0
321	1	1546	0	0
1303	1	1514	0	0
507	0	1355	1	4
300	0	659	0	0
29	1	1523	0	0
1433	0	1063	0	0
873	2	605	0	0
316	2	1736	0	0
1197	0	1573	0	0
20	2	1504	0	0
721	2	1507	0	0
1189	1	1999	0	0
963	0	207	0	0
230	0	1224	0	0
1176	0	1979	0	0
543	2	1638	0	0
476	0	1729	0	0
349	1	605	0	0
25	2	1504	0	0
900	1	1868	0	0
742	0	1355	1	4
871	2	1504	0	0
11	1	1620	0	0
1035	0	1355	1	4
922	0	506	0	0
524	2	1519	0	0
1411	2	1512	0	0
436	1	1668	0	0
1796	0	645	0	0
969	0	1355	1	4
974	1	1549	0	0
319	1	1742	0	0
855	0	1280	0	0
403	2	1504	0	0
1246	2	1504	0	0
182	0	1952	0	0
35	2	1507	0	0
1254	2	1504	0	0
534	2	1547	0	0
110	2	1519	0	0
699	0	1117	0	0
1473	0	1359	0	0
531	1	1587	0	0
265	0	1913	0	0
1366	1	1615	0	0
500	1	1809	0	0
874	0	1495	0	0
1352	1	1961	0	0
1082	0	410	0	0
1218	0	1818	0	0
260	1	1558	0	0
1146	2	1638	0	0
1366	1	1572	0	0
570	0	1511	0	0
1586	0	2013	0	0
540	0	1374	0	0
1109	2	1980	0	0
66	1	1589	0	0
932	1	38	0	0
962	0	1960	0	0
457	2	315	0	0
1320	0	1556	0	0
1282	1	1551	0	0
1312	0	1116	0	0
410	1	1744	0	0
569	0	1992	0	0
1441	1	1564	0	0
1023	2	1645	0	0
212	1	1703	0	0
1238	2	1507	0	0
102	0	1383	0	0
1228	0	1355	1	4
985	2	1503	0	0
1111	2	374	0	0
1721	0	1057	0	0
924	0	1102	0	0
1182	1	1995	0	0
2052	0	365	0	0
1226	1	1885	0	0
1403	2	1547	0	0
1016	2	1557	0	0
549	1	1535	0	0
894	1	1900	0	0
426	0	758	0	0
822	0	1355	1	4
319	2	1645	0	0
1132	0	633	0	0
411	1	1545	0	0
959	0	1144	0	0
1350	1	1600	0	0
254	1	1667	0	0
501	1	1564	0	0
218	2	374	0	0
1429	1	2036	0	0
529	0	1355	1	4
1470	0	1355	1	4
1815	0	794	0	0
627	0	1434	0	0
1047	2	1346	1	3
434	1	1777	0	0
127	0	608	0	0
225	1	1560	0	0
1730	0	1190	0	0
1093	1	1545	0	0
863	1	1824	0	0
733	2	1505	0	0
1843	0	1121	0	0
1141	2	605	0	0
900	1	1903	0	0
1035	1	1734	0	0
218	0	1258	0	0
986	2	1504	0	0
976	0	1761	0	0
100	1	1564	0	0
529	1	1535	0	0
1466	0	157	0	0
704	0	1555	0	0
1802	0	1870	0	0
17	0	1768	0	0
1158	2	1502	0	0
1174	1	1829	0	0
777	0	1774	0	0
1379	0	994	0	0
1685	0	1971	0	0
2056	0	1642	0	0
442	1	1564	0	0
680	1	1548	0	0
219	2	1503	0	0
1366	2	605	0	0
951	2	1919	0	0
1248	0	751	0	0
145	2	1557	0	0
650	0	1355	1	4
571	0	353	0	0
570	1	1702	0	0
1532	0	720	0	0
427	1	1758	0	0
1486	2	2062	0	0
1006	0	1059	0	0
943	1	1713	0	0
1114	0	1946	0	0
1100	0	796	0	0
471	0	1355	1	4
1922	0	1391	0	0
434	1	1697	0	0
730	0	1020	0	0
745	1	1752	0	0
468	0	89	0	0
1091	1	1574	0	0
1283	2	39	0	0
375	1	1536	0	0
1041	2	374	0	0
1401	2	1503	0	0
1268	0	1397	0	0
599	1	1653	0	0
754	0	511	0	0
1775	0	1946	0	0
35	1	1554	0	0
436	1	1408	0	0
377	2	374	0	0
1208	1	1536	0	0
2039	0	1143	0	0
321	2	1645	0	0
1380	0	340	0	0
1373	2	605	0	0
813	0	199	0	0
1117	0	1355	1	4
568	0	1104	0	0
41	0	1097	0	0
982	2	1922	0	0
1855	0	411	0	0
702	1	1584	0	0
1146	0	1968	0	0
645	2	1508	0	0
1027	2	1355	0	0
232	2	1504	0	0
1395	2	1355	0	0
41	2	599	1	3
94	0	1661	0	0
1111	0	693	0	0
1454	0	2011	0	0
467	2	1652	0	0
291	0	26	0	0
396	2	1355	0	0
1427	1	1877	0	0
733	0	68	0	0
1304	0	2009	0	0
143	1	1612	0	0
402	2	1507	0	0
621	0	1373	0	0
980	0	818	0	0
312	2	1355	0	0
285	1	1545	0	0
1264	1	1697	0	0
970	2	1503	0	0
666	0	873	0	0
90	0	1177	0	0
130	0	1355	1	4
478	0	1355	1	4
50	2	1512	0	0
1216	1	1944	0	0
763	0	1570	0	0
101	2	1504	0	0
976	1	1532	0	0
6	2	1505	0	0
530	1	1851	0	0
962	0	1629	0	0
1255	2	39	0	0
1025	0	1765	0	0
226	2	1638	0	0
380	0	1412	0	0
1659	0	590	0	0
348	0	1477	0	0
549	1	1771	0	0
211	1	1705	0	0
184	1	1689	0	0
1940	0	1261	0	0
361	0	99	0	0
887	2	1353	1	3
1070	1	1557	0	0
536	2	1507	0	0
1828	2	1742	1	3
509	1	1556	0	0
276	1	1541	0	0
462	2	1547	0	0
417	1	1561	0	0
1091	1	315	0	0
1452	1	1562	0	0
2008	0	1014	0	0
83	2	1503	0	0
45	1	1507	0	0
509	1	605	0	0
538	1	1600	0	0
1804	2	1504	1	3
328	2	1547	0	0
247	0	774	0	0
212	2	1502	0	0
1365	2	1557	0	0
1274	2	887	1	3
1055	1	38	0	0
826	0	203	0	0
1968	0	1493	0	0
219	2	1610	0	0
1439	0	1824	0	0
91	1	1625	0	0
244	2	1510	0	0
1966	0	864	0	0
1432	1	2051	0	0
1766	0	1731	0	0
1405	2	1503	0	0
887	2	426	1	3
1492	0	421	0	0
444	1	1734	0	0
955	1	1790	0	0
29	1	1520	0	0
1026	0	1724	0	0
683	0	1611	0	0
424	1	1753	0	0
646	1	1900	0	0
825	2	1505	0	0
434	1	1776	0	0
1347	0	985	0	0
1817	0	426	0	0
970	1	1720	0	0
746	2	1505	0	0
1501	2	1355	0	0
972	2	1503	0	0
1036	0	113	0	0
283	1	1725	0	0
802	2	605	0	0
900	1	1702	0	0
272	0	47	0	0
212	1	1702	0	0
352	0	72	0	0
1121	2	1610	0	0
323	2	1503	0	0
927	2	1742	1	3
627	0	188	0	0
982	0	188	0	0
722	1	1517	0	0
427	1	1759	0	0
2036	0	303	0	0
440	1	1556	0	0
595	1	1829	0	0
470	2	605	0	0
805	2	1355	0	0
202	2	1638	0	0
94	0	1388	0	0
837	0	640	0	0
1196	1	1752	0	0
1153	0	1424	0	0
1159	2	1503	0	0
1156	2	1504	0	0
1236	0	791	0	0
217	2	1503	0	0
1942	0	661	0	0
154	0	1143	0	0
1203	1	1524	0	0
171	2	1510	0	0
736	2	605	0	0
1115	2	1355	0	0
68	1	1589	0	0
527	0	1472	0	0
1020	0	478	0	0
510	2	1645	0	0
514	1	1822	0	0
800	0	1355	1	4
116	2	1503	0	0
230	0	865	0	0
615	1	1746	0	0
584	1	1820	0	0
1578	0	2021	0	0
1264	0	1355	1	4
1148	0	1622	0	0
1175	1	1544	0	0
1097	1	1664	0	0
1236	2	2009	0	0
363	2	1638	0	0
1834	0	133	0	0
5	0	1789	0	0
1047	1	1535	0	0
150	0	192	0	0
640	0	258	0	0
781	0	272	0	0
1261	2	1507	0	0
1869	0	1199	0	0
1205	1	1564	0	0
1522	0	692	0	0
685	0	1324	0	0
1047	1	1549	0	0
1863	0	980	0	0
392	0	146	0	0
454	0	1355	1	4
210	2	1610	0	0
1666	0	327	0	0
534	1	1642	0	0
1448	1	1513	0	0
722	2	1505	0	0
554	2	1797	0	0
20	0	1183	0	0
603	1	1746	0	0
1261	1	1584	0	0
1619	0	1729	0	0
1057	0	847	0	0
1867	0	1617	0	0
1167	1	1541	0	0
1063	0	857	0	0
627	1	1533	0	0
51	1	1570	0	0
672	2	605	0	0
246	0	874	0	0
753	0	1438	0	0
1047	2	1507	0	0
1018	0	1355	1	4
543	2	1503	0	0
272	1	1688	0	0
477	0	204	0	0
1888	0	1405	0	0
286	1	1514	0	0
1427	1	1852	0	0
295	1	1612	0	0
54	2	1504	0	0
1829	0	1463	0	0
1383	0	1355	1	4
1359	0	1530	0	0
50	2	1505	0	0
521	0	1361	0	0
283	1	1562	0	0
308	0	1355	1	4
1047	1	1574	0	0
1077	1	1564	0	0
1499	2	605	0	0
1427	1	1702	0	0
1870	0	709	0	0
1421	2	39	0	0
916	1	1556	0	0
1083	0	1716	0	0
1393	0	1110	0	0
973	2	315	0	0
1691	0	1607	0	0
1265	0	959	0	0
1377	0	254	0	0
1148	2	1503	0	0
112	0	187	0	0
320	2	1645	0	0
1050	2	1504	0	0
1318	1	1547	0	0
504	2	1504	0	0
1223	0	1355	1	4
1404	2	1504	0	0
39	2	315	0	0
970	1	1937	0	0
105	0	1750	0	0
979	0	727	0	0
1430	0	942	0	0
212	1	1716	0	0
121	2	1640	0	0
1108	1	1678	0	0
1226	1	1503	0	0
212	1	1723	0	0
842	0	870	0	0
824	2	1505	0	0
1256	1	1517	0	0
169	0	218	0	0
387	2	605	0	0
147	2	1557	0	0
843	0	2027	0	0
1273	2	1507	1	3
2034	2	1638	1	3
1581	0	953	0	0
1212	1	1694	0	0
427	1	1766	0	0
2054	0	526	0	0
503	0	671	0	0
1440	0	718	0	0
969	2	1503	0	0
1458	0	858	0	0
1423	0	1907	0	0
1459	1	1558	0	0
1172	0	664	0	0
744	2	605	0	0
1004	0	1993	0	0
851	2	1638	0	0
976	1	1668	0	0
965	2	1652	0	0
181	2	315	0	0
947	1	1918	0	0
190	0	1355	1	4
1308	2	1610	0	0
221	2	1505	0	0
1326	0	1904	0	0
239	2	1512	0	0
1367	1	1519	0	0
1247	2	1504	0	0
647	1	1838	0	0
1248	1	1547	0	0
292	1	1727	0	0
600	1	1849	0	0
975	2	315	0	0
659	2	315	0	0
653	0	1355	1	4
101	0	238	0	0
1454	1	1535	0	0
398	2	1547	0	0
1553	2	899	1	3
44	0	877	0	0
576	0	873	0	0
644	2	1504	0	0
50	0	1355	1	4
96	0	1317	0	0
1427	1	1653	0	0
543	2	1504	0	0
454	0	1865	0	0
647	2	1507	0	0
1887	0	1201	0	0
677	0	1355	1	4
1184	0	148	0	0
529	1	1653	0	0
228	0	1355	1	4
1472	2	1506	0	0
1464	2	1643	0	0
369	1	1746	0	0
460	0	218	0	0
511	0	1250	0	0
50	1	41	0	0
50	1	1552	0	0
1890	0	602	0	0
1013	0	467	0	0
1807	0	690	0	0
969	2	1638	0	0
1292	1	1746	0	0
1910	0	775	0	0
1778	0	21	0	0
1020	1	1945	0	0
1619	2	1761	1	3
264	0	1783	0	0
958	1	1506	0	0
333	2	1547	0	0
391	0	1944	0	0
1353	1	1557	0	0
182	2	315	0	0
206	1	1598	0	0
1308	2	605	0	0
523	0	1765	0	0
201	0	1355	1	4
510	0	1486	0	0
307	1	1745	0	0
1228	0	1074	0	0
1189	0	1632	0	0
923	0	1355	1	2
1079	1	1584	0	0
92	1	1629	0	0
67	2	1507	0	0
1591	0	1725	0	0
868	0	979	0	0
373	0	303	0	0
1017	2	1503	0	0
60	0	792	0	0
600	1	1654	0	0
497	0	1576	0	0
14	0	147	0	0
318	0	1811	0	0
1369	1	967	0	0
868	2	39	0	0
1562	0	1076	0	0
1453	1	1553	0	0
543	2	1557	0	0
1291	0	1355	1	4
143	1	1546	0	0
699	2	605	0	0
1037	2	1871	1	3
1106	2	1503	0	0
1152	2	1794	0	0
1978	0	324	0	0
1323	1	1514	0	0
680	2	1533	1	3
348	0	1355	1	4
692	0	1393	0	0
1624	0	329	0	0
240	0	1355	1	4
155	0	1926	0	0
1302	2	1506	0	0
1497	0	945	0	0
673	2	1355	0	0
1185	1	1996	0	0
690	0	1175	0	0
24	0	1355	1	4
1365	0	170	0	0
890	1	1637	0	0
1042	0	1885	0	0
68	0	1410	0	0
708	0	1355	1	4
563	1	1612	0	0
1427	1	1849	0	0
501	1	1811	0	0
795	0	1	0	0
205	2	374	0	0
529	1	1571	0	0
1548	2	1096	1	3
1048	1	1506	0	0
599	1	1171	0	0
655	0	816	0	0
1457	1	1746	0	0
850	0	1355	1	4
304	0	1355	1	4
558	2	39	0	0
687	0	1355	1	4
624	0	1020	0	0
944	1	1559	0	0
500	1	1742	0	0
762	2	1505	0	0
123	0	84	0	0
1254	1	1544	0	0
2027	0	1248	0	0
584	0	181	0	0
491	2	605	0	0
1281	0	1816	0	0
346	0	1955	0	0
1126	2	1507	0	0
692	0	1355	1	4
1366	2	1843	1	3
1076	1	1564	0	0
906	0	1040	0	0
427	1	1655	0	0
1696	0	103	0	0
1887	0	1673	0	0
494	0	1996	0	0
796	0	1355	1	4
3	2	1503	0	0
1884	0	865	0	0
948	1	1730	0	0
1787	0	275	0	0
1363	1	1558	0	0
1372	2	1504	0	0
1336	1	1542	0	0
1035	1	1946	0	0
1300	2	1519	0	0
679	0	1355	1	4
892	0	1006	0	0
1286	2	605	1	3
1077	1	1515	0	0
1743	0	1994	0	0
1739	0	49	0	0
967	1	1768	0	0
680	1	1787	0	0
999	1	1739	0	0
1091	0	973	0	0
1379	2	1503	0	0
1417	2	1355	0	0
1073	1	1534	0	0
661	2	1547	0	0
1660	2	1089	1	3
12	0	455	0	0
531	1	1861	0	0
1623	0	1754	0	0
1550	0	31	0	0
393	0	975	0	0
950	1	1855	0	0
781	2	1505	0	0
632	1	1815	0	0
1041	0	2006	0	0
1148	1	1845	0	0
1437	0	1763	0	0
1178	0	901	0	0
1958	0	1181	0	0
1427	1	1584	0	0
1321	1	1611	0	0
1264	2	1504	0	0
903	1	1906	0	0
1814	2	427	1	3
1188	1	1515	0	0
212	1	1704	0	0
1989	0	292	0	0
277	0	1294	0	0
105	0	1522	0	0
1035	1	1547	0	0
90	0	1996	0	0
574	1	1545	0	0
804	0	317	0	0
1634	0	919	0	0
1035	1	1945	0	0
561	1	327	0	0
400	0	506	0	0
1221	0	1131	0	0
155	0	226	0	0
712	0	1355	1	4
28	2	1503	0	0
1168	1	1811	0	0
903	0	1939	0	0
1419	2	374	0	0
86	1	1606	0	0
1142	0	1774	0	0
212	1	1578	0	0
900	1	1602	0	0
530	1	1853	0	0
586	1	1544	0	0
1427	1	1515	0	0
824	0	173	0	0
1600	0	1833	0	0
362	0	1733	0	0
1515	0	51	0	0
1544	2	11	1	3
1169	1	1990	0	0
127	0	1355	1	4
261	0	1646	0	0
1186	1	1583	0	0
1651	0	1157	0	0
132	2	1505	0	0
1586	0	1031	0	0
200	0	1355	1	4
1432	0	1276	0	0
1425	1	2046	0	0
439	0	1355	1	2
439	0	785	0	0
1347	1	1534	0	0
36	1	1534	0	0
1898	0	1306	0	0
1161	2	1507	0	0
346	0	407	0	0
584	0	1429	0	0
138	1	1537	0	0
1052	1	1592	0	0
150	2	1503	0	0
966	2	1507	0	0
501	1	1667	0	0
270	0	2018	0	0
68	0	769	0	0
1419	0	293	0	0
958	1	1504	0	0
12	1	1533	0	0
1295	2	605	0	0
993	0	30	0	0
1072	1	1513	0	0
156	2	605	0	0
1127	0	1123	0	0
77	1	1519	0	0
1341	1	2030	0	0
449	2	694	1	3
1896	0	535	0	0
191	1	1620	0	0
1696	0	1601	0	0
495	1	1513	0	0
2	2	605	0	0
724	0	36	0	0
124	2	1584	1	3
599	1	1560	0	0
296	1	1553	0	0
1164	0	1355	1	4
712	2	605	0	0
1244	0	1873	0	0
440	1	1503	0	0
661	1	1559	0	0
1176	0	642	0	0
1203	0	800	0	0
1867	0	1130	0	0
1254	1	1816	0	0
897	1	1555	0	0
644	0	1355	1	4
258	0	512	0	0
29	0	214	0	0
179	2	1547	0	0
748	0	225	0	0
961	2	1508	0	0
682	0	1972	0	0
112	0	1758	0	0
1215	1	1355	0	0
119	0	41	0	0
252	0	683	0	0
1350	1	1525	0	0
1226	1	1553	0	0
876	2	374	0	0
862	0	1780	0	0
645	1	1612	0	0
500	1	1593	0	0
1057	1	1933	0	0
203	2	1639	0	0
1053	0	1355	1	2
1285	0	1355	1	4
218	0	1079	0	0
788	0	71	0	0
215	0	1691	0	0
1024	2	315	0	0
903	1	1852	0	0
1192	0	1567	0	0
977	0	1355	1	4
464	2	1794	0	0
1300	1	228	0	0
1846	0	1844	0	0
508	2	1638	0	0
1179	0	1198	0	0
768	2	1505	0	0
491	2	1504	0	0
212	1	1615	0	0
1014	0	538	0	0
842	0	700	0	0
1347	1	1533	0	0
703	1	1606	0	0
355	0	96	0	0
1472	0	457	0	0
1444	1	1829	0	0
1159	2	1638	0	0
854	2	1652	0	0
529	1	315	0	0
1058	0	1556	0	0
966	1	1933	0	0
426	0	1765	0	0
775	0	1355	1	4
1298	2	605	0	0
661	0	1110	0	0
1493	0	511	0	0
963	1	1594	0	0
60	1	1583	0	0
1314	2	1355	0	0
1772	2	2	1	3
529	1	1593	0	0
1405	0	7	0	0
938	1	1519	0	0
843	1	38	0	0
489	0	405	0	0
1500	2	605	0	0
238	0	1355	1	4
855	0	808	0	0
1040	0	1355	1	4
1050	0	89	0	0
741	0	441	0	0
1089	1	1953	0	0
827	0	1611	0	0
1242	2	2010	0	0
1168	1	1990	0	0
93	1	1517	0	0
1385	0	1377	0	0
725	0	681	0	0
63	1	1519	0	0
967	1	906	0	0
649	2	605	0	0
834	2	1507	1	3
572	1	1513	0	0
1382	2	1504	0	0
788	0	1550	0	0
347	0	694	0	0
27	2	1504	0	0
1470	0	54	0	0
143	1	1664	0	0
678	0	1355	1	4
1838	0	922	0	0
700	0	1300	0	0
20	0	1355	1	4
999	2	1504	0	0
1740	0	1696	0	0
1380	0	1070	0	0
697	0	1355	1	4
539	2	1519	0	0
1332	1	1581	0	0
223	2	1557	0	0
1430	0	1743	0	0
1323	1	1594	0	0
836	0	1773	0	0
1073	1	1730	0	0
534	1	1578	0	0
1226	1	1535	0	0
529	2	605	0	0
468	2	1503	0	0
1358	1	2039	0	0
7	1	1612	0	0
1092	1	1733	0	0
1040	0	1691	0	0
1885	0	1268	0	0
1403	0	49	0	0
728	1	1558	0	0
42	1	1548	0	0
952	2	1504	0	0
321	1	1695	0	0
769	0	1355	1	4
180	0	1355	1	4
393	2	1645	0	0
216	0	1355	1	4
28	1	1517	0	0
1515	0	388	0	0
123	0	553	0	0
208	2	315	0	0
1457	0	1284	0	0
1165	0	1095	0	0
1392	2	1355	0	0
645	1	1545	0	0
197	2	374	0	0
319	0	1808	0	0
141	0	556	0	0
469	2	1355	0	0
160	0	1708	0	0
97	0	568	0	0
602	1	1655	0	0
549	2	520	1	3
1639	2	1545	1	3
1357	1	1645	0	0
602	1	1545	0	0
162	2	1502	0	0
1853	0	863	0	0
826	0	405	0	0
372	0	1355	1	4
1427	1	1693	0	0
1129	2	315	0	0
1554	0	1854	0	0
264	1	1674	0	0
1209	1	2002	0	0
1348	1	2007	0	0
622	1	1507	0	0
543	2	963	1	3
204	0	208	0	0
427	1	1713	0	0
816	0	1355	1	4
65	2	1504	0	0
638	2	1502	0	0
730	0	1233	0	0
492	0	1355	1	4
400	2	1504	0	0
94	1	1561	0	0
573	0	905	0	0
819	0	959	0	0
995	0	962	0	0
773	0	1171	0	0
530	2	1504	0	0
1381	0	451	0	0
1378	2	1503	0	0
230	0	1355	1	4
608	0	353	0	0
439	0	1206	0	0
1573	0	69	0	0
856	0	825	0	0
1430	1	1992	0	0
1031	2	1503	0	0
1426	1	1674	0	0
1386	2	1504	0	0
1042	0	1355	1	4
992	2	1355	0	0
188	0	1355	1	4
1046	0	1355	1	4
1101	2	1510	0	0
1063	0	168	0	0
249	0	448	0	0
1856	0	1476	0	0
1742	2	621	1	3
231	2	605	0	0
314	0	1355	1	4
968	2	1503	0	0
1312	0	837	0	0
1273	2	1547	0	0
1819	0	886	0	0
1353	1	1533	0	0
4	2	605	0	0
2	1	1516	0	0
1196	1	1786	0	0
1054	1	1859	0	0
1366	2	39	0	0
119	0	1901	0	0
1162	2	39	0	0
588	0	1621	0	0
494	2	605	0	0
26	1	1514	0	0
1185	1	1911	0	0
598	1	1572	0	0
811	2	1505	0	0
593	1	1826	0	0
653	0	1790	0	0
1202	1	1619	0	0
349	0	19	0	0
1010	0	614	0	0
909	1	586	0	0
1305	2	1547	0	0
2000	0	491	0	0
630	1	1545	0	0
1438	1	1521	0	0
1210	0	214	0	0
38	1	1541	0	0
228	2	605	0	0
531	1	1638	0	0
1077	1	1533	0	0
912	1	1553	0	0
718	0	1355	1	4
419	1	1583	0	0
704	0	1355	1	4
1189	1	1730	0	0
1255	1	1647	0	0
652	0	389	0	0
573	0	1601	0	0
886	1	1552	0	0
1426	1	2049	0	0
530	1	1709	0	0
607	1	1596	0	0
279	1	1576	0	0
1362	1	1545	0	0
196	0	919	0	0
138	1	1659	0	0
347	2	1504	0	0
1107	0	484	0	0
638	0	1187	0	0
1006	0	109	0	0
734	0	1873	0	0
738	0	848	0	0
585	0	1234	0	0
1566	0	23	0	0
225	2	1507	0	0
1448	1	2059	0	0
923	1	1728	0	0
329	0	1779	0	0
1142	0	1650	0	0
1053	0	1654	0	0
6	2	605	0	0
208	2	39	0	0
605	2	961	1	3
960	0	1355	1	4
428	0	2058	0	0
549	1	1885	0	0
606	0	852	0	0
1418	2	39	0	0
1034	2	1547	0	0
212	1	1713	0	0
913	1	1674	0	0
211	1	1700	0	0
555	0	1355	1	4
978	0	1355	1	4
92	1	1628	0	0
440	1	1551	0	0
889	1	1577	0	0
366	0	1835	0	0
2045	0	1767	0	0
1116	1	1855	0	0
801	2	1355	0	0
2	2	671	1	3
1803	0	1725	0	0
175	2	1504	0	0
831	0	1355	1	4
899	1	471	0	0
138	1	1658	0	0
962	2	1506	0	0
1775	0	209	0	0
539	0	899	0	0
530	1	1707	0	0
1293	2	1547	0	0
922	0	1197	0	0
1048	2	1503	0	0
1110	2	1503	0	0
810	2	1355	0	0
917	0	2049	0	0
1714	0	1757	0	0
1617	0	467	0	0
706	2	605	0	0
854	1	1916	0	0
604	1	1746	0	0
721	1	1731	0	0
1420	2	2043	0	0
836	2	1505	0	0
1888	0	289	0	0
472	0	1355	1	4
1102	2	1510	0	0
1436	1	1533	0	0
685	0	1355	1	4
479	2	1507	0	0
160	2	39	0	0
1390	2	605	0	0
1264	2	605	0	0
877	2	374	0	0
1093	1	1865	0	0
1510	2	1213	1	3
1432	1	1551	0	0
1353	1	1619	0	0
970	1	1559	0	0
1233	2	605	0	0
543	2	1519	0	0
24	2	1506	0	0
541	2	1504	0	0
1265	0	931	0	0
867	2	1897	0	0
519	2	39	0	0
1619	0	16	0	0
1055	0	368	0	0
332	0	175	0	0
74	1	1595	0	0
206	2	315	0	0
976	1	1581	0	0
1473	2	1638	0	0
1274	2	1646	0	0
1769	0	863	0	0
1023	1	1513	0	0
107	2	1503	0	0
560	2	1547	0	0
1089	1	1967	0	0
810	0	45	0	0
1369	1	1668	0	0
1226	1	1505	0	0
38	1	1545	0	0
1286	0	1355	1	4
599	1	1728	0	0
39	1	1546	0	0
441	0	1355	1	2
154	0	1355	1	4
507	2	1505	0	0
1534	2	1811	1	3
823	0	1355	1	4
1442	0	330	0	0
1340	0	263	0	0
808	0	1355	1	4
391	2	1508	0	0
1050	1	1533	0	0
1401	1	1758	0	0
904	0	1555	0	0
561	0	1720	0	0
1716	0	382	0	0
1315	1	1793	0	0
445	1	1533	0	0
113	0	580	0	0
211	1	1707	0	0
531	1	1634	0	0
305	2	1510	0	0
967	2	1077	1	3
63	1	1587	0	0
12	1	1575	0	0
600	1	1572	0	0
1760	0	903	0	0
1284	0	540	0	0
1660	0	1778	0	0
529	1	1834	0	0
517	0	1689	0	0
1004	0	1355	1	4
605	1	1553	0	0
1462	0	1576	0	0
812	0	1240	0	0
504	0	484	0	0
1890	0	177	0	0
906	1	410	0	0
529	1	1723	0	0
304	0	750	0	0
1953	0	1647	0	0
1630	0	439	0	0
778	0	1032	0	0
657	0	1355	1	4
568	1	1802	0	0
1030	0	152	0	0
1254	1	1618	0	0
1346	1	1564	0	0
1299	2	1505	0	0
1071	1	1940	0	0
1308	2	1503	0	0
798	2	1505	0	0
1262	0	1621	0	0
458	2	39	0	0
1000	2	1506	0	0
1089	1	1909	0	0
222	2	1557	0	0
721	0	1355	1	4
1448	1	1655	0	0
184	1	1545	0	0
1098	0	512	0	0
533	2	1504	0	0
1467	0	1200	0	0
949	0	111	0	0
30	2	1512	0	0
1425	1	2047	0	0
82	1	1505	0	0
820	2	1355	0	0
58	1	1581	0	0
1393	0	957	0	0
509	2	1557	0	0
91	0	1360	0	0
852	2	1557	0	0
166	0	849	0	0
914	1	1728	0	0
1354	1	1559	0	0
243	2	1510	0	0
1460	1	1734	0	0
1373	2	1610	0	0
75	1	39	0	0
1035	1	1959	0	0
1275	0	1588	0	0
70	1	38	0	0
915	1	1507	0	0
1242	2	2009	0	0
863	1	1562	0	0
1406	0	562	0	0
231	0	831	0	0
191	1	1513	0	0
1148	0	1103	0	0
415	1	1544	0	0
1280	0	1761	0	0
1188	0	1806	0	0
1890	0	343	0	0
1677	0	1351	0	0
1090	0	302	0	0
854	0	1355	1	4
193	2	1651	0	0
997	1	1898	0	0
1093	1	92	0	0
485	0	1250	0	0
1379	0	255	0	0
833	0	97	0	0
1652	0	587	0	0
191	1	1694	0	0
1207	0	1355	1	2
1482	2	374	0	0
1354	0	1163	0	0
427	1	187	0	0
501	2	1503	0	0
134	2	1547	0	0
449	1	1645	0	0
147	2	1547	0	0
600	1	1692	0	0
1093	1	1985	0	0
1200	1	1594	0	0
92	1	1627	0	0
427	1	1545	0	0
859	2	1638	0	0
829	0	1355	1	4
545	0	1114	0	0
80	2	1553	1	3
589	1	1504	0	0
1224	2	1504	0	0
1873	0	497	0	0
1573	2	1761	1	3
1930	0	269	0	0
1284	0	1944	0	0
622	1	1668	0	0
908	1	1907	0	0
1037	1	1961	0	0
509	2	1504	0	0
257	1	38	0	0
963	0	1070	0	0
455	0	1878	0	0
1058	0	251	0	0
30	0	46	0	0
803	2	1505	0	0
889	1	1575	0	0
622	1	1587	0	0
37	0	1883	0	0
392	2	1506	0	0
1987	0	754	0	0
956	2	39	0	0
187	2	1503	0	0
691	0	1355	1	4
1545	2	1795	1	3
1035	1	1948	0	0
1353	1	1872	0	0
1035	1	1953	0	0
762	0	1107	0	0
1930	0	679	0	0
1453	0	92	0	0
320	2	1508	0	0
299	0	716	0	0
321	1	1612	0	0
1093	1	1529	0	0
566	1	1801	0	0
509	1	1638	0	0
134	2	1505	0	0
1160	2	1355	0	0
462	0	846	0	0
34	1	1517	0	0
1110	1	853	0	0
804	0	1355	1	4
1353	0	1098	0	0
807	2	1505	0	0
848	0	1355	1	4
597	1	1559	0	0
220	2	1638	0	0
1269	0	311	0	0
367	2	1507	0	0
264	0	1136	0	0
1094	2	1503	0	0
595	1	1828	0	0
395	2	39	0	0
1292	1	1593	0	0
1292	2	2018	0	0
858	2	1896	0	0
543	2	1547	0	0
138	1	1517	0	0
0	2	1502	0	0
1255	1	2029	0	0
600	1	1847	0	0
530	1	1854	0	0
1377	2	2041	0	0
75	0	386	0	0
840	0	338	0	0
549	1	1886	0	0
1123	2	1510	0	0
541	1	1558	0	0
1292	1	2032	0	0
399	0	1440	0	0
490	0	314	0	0
349	2	1503	0	0
428	0	2003	0	0
909	1	1908	0	0
1183	1	1996	0	0
1405	0	1355	1	4
788	0	641	0	0
242	2	1509	0	0
1508	0	852	0	0
1549	0	2046	0	0
982	0	798	0	0
1364	1	1914	0	0
963	0	1355	1	4
506	0	833	0	0
386	1	1518	0	0
450	1	1502	0	0
871	0	675	0	0
794	0	1355	1	4
44	1	1557	0	0
1035	1	1958	0	0
1211	1	2003	0	0
560	0	1041	0	0
386	0	1163	0	0
1686	0	691	0	0
965	0	94	0	0
599	1	1831	0	0
599	1	1535	0	0
973	0	884	0	0
539	2	1610	0	0
208	2	1503	0	0
1487	2	1355	0	0
1538	0	1641	0	0
191	2	315	0	0
725	2	1505	0	0
1129	2	1504	0	0
1341	1	1561	0	0
361	0	1355	1	4
248	0	1323	0	0
1354	0	939	0	0
160	0	196	0	0
1850	0	2001	0	0
543	1	1600	0	0
1107	2	1638	0	0
432	1	1734	0	0
1124	0	807	0	0
956	0	1244	0	0
614	1	1746	0	0
375	1	1637	0	0
541	1	1502	0	0
900	1	1021	0	0
425	1	1755	0	0
791	0	1961	0	0
21	0	1442	0	0
147	0	550	0	0
307	0	1355	1	4
451	0	1355	1	4
892	1	1559	0	0
636	1	1898	0	0
35	2	1503	0	0
8	2	1506	0	0
1039	2	1505	0	0
1340	1	1561	0	0
794	0	1797	0	0
1390	1	1504	0	0
1298	1	1872	0	0
591	0	230	0	0
46	1	1548	0	0
405	0	1355	1	4
65	0	2012	0	0
1095	0	1355	1	4
248	1	1653	0	0
35	0	1355	1	4
1288	0	1085	0	0
1398	2	1510	0	0
1119	2	1503	0	0
427	1	1756	0	0
512	0	1355	1	4
1022	2	39	0	0
468	0	1179	0	0
598	1	1584	0	0
211	1	1706	0	0
44	0	1355	1	4
176	0	1355	1	4
1622	0	2002	0	0
1051	1	1866	0	0
268	1	1679	0	0
1050	2	1647	0	0
1082	0	936	0	0
702	2	605	0	0
1556	0	205	0	0
388	2	1355	0	0
302	0	1724	0	0
28	1	38	0	0
465	2	1652	0	0
706	0	1355	1	4
990	0	1941	0	0
1951	0	1475	0	0
18	0	1355	1	4
765	2	1355	0	0
775	2	1505	0	0
751	0	1355	1	4
1835	0	1511	0	0
599	1	228	0	0
660	0	1874	0	0
721	2	605	0	0
576	1	1545	0	0
138	2	1638	0	0
135	2	1505	0	0
1035	1	1955	0	0
1029	0	1355	1	4
601	1	1857	0	0
1009	0	953	0	0
414	1	1594	0	0
434	1	1778	0	0
422	1	1516	0	0
613	0	1511	0	0
1064	1	1503	0	0
206	1	1513	0	0
892	1	1899	0	0
788	0	1355	1	4
1445	1	605	0	0
1044	2	1925	0	0
877	0	1316	0	0
664	0	1569	0	0
1458	1	1534	0	0
1622	0	909	0	0
550	0	1355	1	4
1071	1	1541	0	0
12	2	315	0	0
885	1	1821	0	0
529	1	1731	0	0
1158	1	2006	0	0
746	0	1309	0	0
1237	0	804	0	0
970	1	1513	0	0
717	2	1505	0	0
434	1	1774	0	0
140	0	2039	0	0
1440	1	1932	0	0
2008	0	1762	0	0
529	1	1842	0	0
1540	0	1372	0	0
100	1	1635	0	0
993	2	1503	0	0
898	1	1901	0	0
559	2	1510	0	0
811	2	1355	0	0
933	1	914	0	0
1137	2	1510	0	0
288	0	1046	0	0
672	2	1505	0	0
1848	0	71	0	0
1309	2	1557	0	0
818	0	438	0	0
1117	0	40	0	0
1441	1	1533	0	0
1047	1	1140	0	0
656	2	1503	0	0
1051	1	1507	0	0
1300	1	2035	0	0
1556	2	230	1	3
56	1	1575	0	0
446	0	627	0	0
1131	0	1325	0	0
1172	1	1992	0	0
418	1	1747	0	0
42	0	1367	0	0
754	0	1355	1	4
70	0	262	0	0
1345	1	1729	0	0
1353	1	1545	0	0
1035	2	1506	0	0
2032	0	1393	0	0
529	1	1844	0	0
1458	1	1532	0	0
1486	0	1355	1	4
639	1	1728	0	0
1007	2	1924	0	0
186	0	426	0	0
122	2	1506	0	0
2014	0	859	0	0
251	1	1611	0	0
1940	0	1410	0	0
799	0	376	0	0
837	0	1355	1	4
1184	0	1117	0	0
1056	2	1645	1	3
76	1	1596	0	0
420	1	1594	0	0
447	0	588	0	0
502	0	1410	0	0
136	2	1505	0	0
581	0	216	0	0
1204	1	1612	0	0
1035	1	1544	0	0
249	0	779	0	0
1050	1	1548	0	0
146	1	1668	0	0
314	0	407	0	0
1378	2	1610	0	0
1347	1	1730	0	0
93	0	1379	0	0
1129	2	1503	0	0
282	1	1692	0	0
185	1	1690	0	0
267	0	1489	0	0
138	1	1507	0	0
1373	0	582	0	0
190	1	1693	0	0
44	1	1560	0	0
387	0	926	0	0
530	1	1701	0	0
104	2	1504	0	0
568	1	1803	0	0
686	0	1897	0	0
260	0	1574	0	0
966	1	1790	0	0
927	1	1912	0	0
493	1	1610	0	0
1745	0	823	0	0
375	2	1547	0	0
1358	0	1998	0	0
1313	0	1355	1	4
761	2	1505	0	0
735	0	1355	1	4
440	1	1512	0	0
446	0	358	0	0
542	0	28	0	0
7	1	1512	0	0
545	0	1752	0	0
1534	2	1024	1	3
62	2	374	0	0
1676	0	192	0	0
500	1	1540	0	0
1806	0	5	0	0
1367	2	39	0	0
971	1	1697	0	0
1116	2	1507	0	0
1366	1	1709	0	0
607	1	1775	0	0
145	2	1610	0	0
930	0	2020	0	0
1366	2	1638	0	0
1682	0	1384	0	0
582	0	61	0	0
792	0	1567	0	0
643	0	1355	1	4
1355	2	1285	1	3
427	1	1521	0	0
31	0	705	0	0
543	1	605	0	0
1252	2	1509	0	0
1482	0	980	0	0
1860	0	1435	0	0
296	1	1730	0	0
900	1	1518	0	0
1476	0	668	0	0
212	1	1718	0	0
1341	1	1642	0	0
886	1	1544	0	0
349	2	959	1	3
1366	2	1507	0	0
1254	1	1563	0	0
529	1	1623	0	0
138	1	1559	0	0
493	1	1807	0	0
369	1	1692	0	0
554	2	1547	0	0
958	1	1674	0	0
545	0	1499	0	0
35	1	1517	0	0
530	2	1507	0	0
1396	2	1510	0	0
814	2	1355	0	0
763	2	1505	0	0
538	2	39	0	0
608	1	1584	0	0
1229	2	427	1	3
660	0	125	0	0
1238	0	1729	0	0
69	1	1591	0	0
29	1	1521	0	0
185	2	315	0	0
515	1	202	0	0
493	2	1638	0	0
1093	1	38	0	0
1366	1	1692	0	0
1069	1	1666	0	0
707	2	1547	0	0
428	0	130	0	0
1265	2	1638	0	0
855	0	842	0	0
787	0	393	0	0
427	1	1512	0	0
1091	0	17	0	0
900	1	255	0	0
1275	0	1718	0	0
953	2	1504	0	0
702	0	171	0	0
928	0	1928	0	0
487	2	1638	0	0
183	0	451	0	0
44	1	1559	0	0
955	2	1638	0	0
649	0	737	0	0
1990	0	1308	0	0
151	0	502	0	0
970	2	374	0	0
212	0	1355	1	2
536	0	1355	1	4
1254	1	2026	0	0
639	2	1502	0	0
217	2	39	0	0
1065	1	1656	0	0
1929	0	1657	0	0
1465	2	1503	0	0
539	1	1526	0	0
575	1	1600	0	0
952	0	1461	0	0
1644	0	1208	0	0
1804	0	80	0	0
221	2	1547	0	0
977	0	19	0	0
359	2	1739	0	0
241	2	374	0	0
588	1	1547	0	0
917	1	1517	0	0
756	0	1657	0	0
1323	1	1732	0	0
1319	1	1545	0	0
2056	2	2	1	3
100	1	1636	0	0
1107	0	1355	1	2
819	0	493	0	0
568	1	1685	0	0
1021	2	1503	0	0
1191	1	1564	0	0
238	0	1605	0	0
1047	1	1973	0	0
440	1	1580	0	0
1312	0	255	0	0
628	0	256	0	0
1409	2	1503	0	0
466	2	315	0	0
1366	1	1723	0	0
1371	2	1507	0	0
1226	1	1818	0	0
532	1	1863	0	0
7	1	1586	0	0
184	1	1603	0	0
1208	1	1815	0	0
1973	0	1699	0	0
774	0	1128	0	0
4	2	1504	0	0
1967	0	620	0	0
1333	1	1547	0	0
1092	1	1557	0	0
958	1	1811	0	0
1084	1	1897	0	0
178	0	1355	1	4
1248	0	740	0	0
1061	1	1939	0	0
1436	2	1594	1	3
1769	0	1067	0	0
1055	1	1560	0	0
285	1	1598	0	0
442	1	1527	0	0
900	1	1904	0	0
1563	0	2018	0	0
1389	1	1580	0	0
1447	1	2058	0	0
610	1	1519	0	0
1932	0	1605	0	0
886	1	1526	0	0
958	1	1859	0	0
848	0	618	0	0
488	2	1512	0	0
36	1	1538	0	0
1721	0	1429	0	0
960	0	649	0	0
1300	1	2034	0	0
1253	0	1355	1	4
383	2	1645	0	0
529	1	1836	0	0
360	2	1355	0	0
993	0	552	0	0
1250	0	1982	0	0
1376	2	374	0	0
1065	1	1618	0	0
298	1	1733	0	0
599	1	65	0	0
87	1	1609	0	0
599	1	1692	0	0
1608	0	1205	0	0
958	0	1355	1	2
954	0	1577	0	0
1432	1	1871	0	0
1307	2	1504	0	0
548	2	39	0	0
655	0	1992	0	0
1521	2	925	1	3
611	1	1591	0	0
1066	1	1657	0	0
1093	1	1519	0	0
531	1	1562	0	0
1074	0	565	0	0
1414	2	1640	0	0
1182	0	341	0	0
325	2	1355	0	0
371	2	1503	0	0
1221	1	1519	0	0
884	0	625	0	0
1097	0	1355	1	2
563	1	1556	0	0
226	1	1733	0	0
2041	0	185	0	0
713	0	2036	0	0
728	0	1897	0	0
1388	2	39	0	0
541	1	1867	0	0
895	1	1900	0	0
522	2	315	0	0
1093	1	1852	0	0
191	1	1695	0	0
1828	2	1638	1	3
1173	1	1532	0	0
658	1	1521	0	0
1646	0	59	0	0
174	2	605	0	0
974	1	1620	0	0
1099	1	1993	0	0
1035	1	1916	0	0
634	2	374	0	0
1827	2	1507	1	3
834	2	1505	0	0
640	0	1355	1	4
748	2	1505	0	0
1972	0	342	0	0
1425	0	678	0	0
1338	0	153	0	0
1427	1	1560	0	0
967	2	1503	0	0
